  -2,  -2,  -2,   5,   6,   1,   0,   0,1458228042.215
  -4,   0,   1,  -4,  -7,   0,   2,  -1,1458228042.215
  -2,  -1,  -5,  -1,   0,   9,   0,  -1,1458228042.216
   0,  -2,  -1,   0,  -3, -14,  -4,   3,1458228042.216
   0,   0,  -1,  -1,  -1,  -2,   0,  -4,1458228042.217
  -2,  -3,   0,   1,   1,   1,  -2,  -3,1458228042.217
   1,  -1,  -1,   3,   1,   0,   0,   1,1458228042.220
   0,  -1,  -1,  -4,   4,   0,   0,  -1,1458228042.221
  -1,  -2,  -2,   2,   3,   6,  -3,  -1,1458228042.227
   0,  -1,   0,  -1, -10, -22,  -2,   0,1458228042.230
  -1,  -1,   3,  -2,   0,   6,   1,  -3,1458228042.237
  -2,  -1,  -3,  -2,  -3,  -5,  -3,  -2,1458228042.237
   0,  -1,  -4,  -5,  -1,  -3,  -2,  -2,1458228042.243
  -1,  -2,   1,   0,   2,   0,  -3,  -1,1458228042.243
  -1,  -2,  -1,   2,   2,   6,   1,   1,1458228042.258
  -1,   0,  -2,  -1,  -7,   0,  -3,  -3,1458228042.258
  -1,  -1,   0,   0,  -2,   5,  -2,  -2,1458228042.267
  -1,   0,   0,   2,   1,   4,   2,  -1,1458228042.267
   0,   0,   1,  -9,  -5,  -8,  -3,  -1,1458228042.282
  -1,  -2,  -1,   4,   6,   6,  -1,  -1,1458228042.282
  -1,  -1,  -4,  -6,  -4,  -1,   0,   0,1458228042.288
   0,  -2,  -2,  -2,  -2, -11,  -1,   0,1458228042.288
   0,  -1,  -1,   0,   1,  20,   0,   0,1458228042.302
  -1,   0,  -2,  -2,  -1,  -6,  -1,  -1,1458228042.302
   1,   0,  -1,  -4,  -2,   1,   0,   0,1458228042.344
  -1,  -1,  -1,  -2,   0,  -4,  -2,  -2,1458228042.344
  -1,  -1,   1,   0,  -1,   0,  -1,  -1,1458228042.347
  -2,  -2,  -4,   6,  -8,  -9,  -5,  -4,1458228042.351
  -1,  -2,   0,  -6,  -2,   2,   1,  -2,1458228042.356
   2,  -1,   0,  -2,   2,   4,  -1,  -1,1458228042.356
  -1,  -2,  -1,  -2,  -3, -10,  -2,  -1,1458228042.356
  -2,   0,   1,   2,   3,   1,  -1,   0,1458228042.356
  -2,   0,  -1,   1,   0,  -1,  -1,  -2,1458228042.357
  -2,   0,  -2,  -1,   0,   4,   0,  -2,1458228042.357
  -1,  -4,  -2,  -3,  -5,  -3,  -3,  -3,1458228042.363
  -1,   0,  -1, -10,  -4,   0,   2,   1,1458228042.363
  -2,   0,   0,   4,   2,   1,   0,   1,1458228042.378
  -3,  -1,  -2,  -7,  -6, -16,  -5,  -2,1458228042.378
   0,   1,  -2,  -1,   4,  10,  -1,   0,1458228042.384
   0,   0,   0,   6,   4,   1,   2,   0,1458228042.384
  -1,  -3,  -3,  -4,  -7,   3,  -1,  -2,1458228042.392
   1,  -1,  -3,  -3,  -1,  -9,  -4,  -3,1458228042.392
  -2,   0,  -2,   0,   3, -10,  -2,  -1,1458228042.415
  -2,  -2,  -1,   2,   2,  17,   1,   0,1458228042.415
   0,   1,   2,   0,  -3,   0,   0,  -1,1458228042.416
   0,  -2,  -1,   8,   3,   0,   1,   2,1458228042.419
  -2,  -2,  -6, -10,  -3,  -5,  -1,  -2,1458228042.430
  -2,  -2,  -1,  -2,  -1,  -4,  -2,  -1,1458228042.430
  -1,   0,   1,  -1,   0,   9,   1,  -2,1458228042.431
  -2,  -1,  -1,  -3,  -3,  -6,  -3,  -3,1458228042.431
  -2,  -1,  -3,  -3,  -4,   3,   1,  -2,1458228042.461
  -1,   1,   0,  -4,  -3,  -5,  -2,  -1,1458228042.461
  -1,  -3,  -1,  -3,  -3,  -6,  -2,   0,1458228042.461
   1,   0,  -2,  -4,   3,   5,   2,   1,1458228042.461
   0,   0,  -2,   6,  -1,   2,  -4,   0,1458228042.476
  -2,   0,  -2,  -5,  -3,  -2,   0,  -2,1458228042.476
   2,   0,  -1,   8,   7,  -2,   1,   1,1458228042.476
  -1,   1,  -1,  -4,  -3,   2,  -3,  -2,1458228042.476
   0,   0,   0,   0,  -3,   1,   1,   0,1458228042.489
  -1,   0,   0,  -3,  -1,   0,  -2,  -1,1458228042.489
  -2,   1,   2,  10,  10,  -5,  -1,   0,1458228042.497
  -1,  -4,  -5, -19, -12,  -7,   0,  -1,1458228042.497
  -1,  -1,   1,   6,   2,   5,  -1,  -1,1458228042.512
  -1,  -4,  -4, -10,  -3,   8,  -2,  -2,1458228042.516
  -1,   0,  -2,  -3,  -6, -19,  -2,  -2,1458228042.516
   0,  -1,  -1,   7,   3,   4,   2,   0,1458228042.516
  -1,  -1,   0,   0,  -1,  -4,  -2,  -3,1458228042.536
   0,   0,  -1,   0,  -1,   0,   0,  -1,1458228042.536
  -3,  -4,  -5,  -6, -10,  -9,  -6,  -3,1458228042.536
  -2,  -2,   0,   0,   2,   3,   0,   0,1458228042.536
  -1,  -2,  -2,  -5,  -2,  -8,  -4,  -2,1458228042.549
   0,   1,   1,   6,   8,   1,   4,   1,1458228042.549
  -2,  -2,  -1,  -5,   1,   0,  -3,   0,1458228042.558
  -2,   0,   1,   1,  -3,   3,   0,   0,1458228042.558
  -1,  -1,  -2,  -1,  -5,  -4,  -1,   1,1458228042.581
  -1,   1,   0,  -1,   1,  -7,  -2,  -1,1458228042.581
  -1,  -1,  -2,   0,   3,   3,   0,  -1,1458228042.581
   0,   1,   2,   2,   2,   0,  -1,   0,1458228042.581
  -1,  -4,  -4,  -4,   5,   2,   1,   0,1458228042.596
   1,  -2,   0,   1,   0,   3,  -2,  -1,1458228042.596
   1,  -1,   1,   0,   3,  -3,  -2,  -2,1458228042.596
  -3,   1,  -1,  -2,   7,   5,  -1,  -2,1458228042.603
  -1,  -2,  -4,  -9, -24, -15,  -1,  -2,1458228042.618
  -2,  -2,  -2,   1,   1,   4,   0,   0,1458228042.618
  -1,  -1,  -1,   1,  14,  20,   1,  -1,1458228042.619
  -2,  -1,  -2,  -1, -10, -12,  -7,  -3,1458228042.619
  -1,  -1,   0,   0,  -2,   0,  -1,  -2,1458228042.633
  -2,  -2,   1,  -1,   6,  -3,   3,   0,1458228042.633
  -1,  -3,  -1,  -4,  -4,  -4,  -1,  -1,1458228042.633
   0,   0,   0,   1,   0,   4,  -1,   0,1458228042.633
  -1,  -1,   1,  -3,  -5,   1,   0,   0,1458228042.656
  -1,  -1,  -2,   0,  -4,  -5,  -3,  -1,1458228042.656
  -2,  -2,  -2,   1,  -3,   3,   0,   1,1458228042.657
  -1,   0,  -2,  -2,  -7, -12,   1,  -1,1458228042.657
  -2,  -1,  -1,   1,   6, -15,  -2,  -2,1458228042.669
  -1,  -1,  -1,  -3,   3,  25,   1,   0,1458228042.669
  -1,  -2,  -1,  -5,  -7,  -3,  -2,  -2,1458228042.677
   0,  -2,  -1,   0,   1,   1,  -3,  -2,1458228042.677
   1,   0,   1,   1,   2,   0,   0,   0,1458228042.692
  -1,  -1,  -4,   3,  -5, -11,  -2,  -1,1458228042.698
  -2,  -2,  -2,  -7,  -5,   2,  -2,   0,1458228042.698
  -1,  -3,  -3,  -8, -10,  -4,  -3,   0,1458228042.698
  -2,   1,   0,   0,   8,   8,   1,  -1,1458228042.716
   0,  -2,   2,  -1,  -3,  -5,   0,  -1,1458228042.716
   2,  -2,  -1,  -1,  -4,   5,   1,  -1,1458228042.716
  -1,   1,  -3,   2,  -3,  -2,  -2,   0,1458228042.716
   1,   1,   2,  -1,   3,  10,  -2,  -1,1458228042.738
  -1,   0,   0,  -6,  -8, -15,  -3,  -2,1458228042.738
  -2,  -1,  -2,   0,   2,  -5,  -1,  -1,1458228042.745
  -1,  -2,  -1,   1,   0,   2,  -2,   0,1458228042.745
  -1,  -2,  -3,   0,  -3,   3,   1,   1,1458228042.753
  -1,  -2,   0,   1,   7,  -1,   0,  -1,1458228042.753
  -1,  -1,   0,   2,  -2, -11,   0,  -3,1458228042.753
  -2,  -1,  -3,  -6, -15,  17,   0,   0,1458228042.753
  -2,  -1,   0,   1,   5,  -6,  -2,  -3,1458228042.776
   1,  -3,  -2,  -5,  -9, -10,  -2,  -1,1458228042.776
  -2,  -1,   0,  -3,   2,   6,  -1,   0,1458228042.776
  -3,  -1,   1,   8,  13,   3,   0,  -2,1458228042.784
  -1,   1,  -5, -13,  -4,  -1,   0,   0,1458228042.789
  -1,  -3,  -2,  12, -12,  -3,   0,  -2,1458228042.789
  -1,  -1,  -1,  -4,   6,  15,  -1,   0,1458228042.798
   0,  -2,  -3,  -5,   6,   0,  -1,  -1,1458228042.798
   1,  -2,  -2,   0, -14,  -7,  -1,  -2,1458228042.812
   0,   1,   0,   0,   4,   3,   0,  -1,1458228042.812
   2,   2,   0,   2,   2,  -5,  -2,   0,1458228042.813
  -1,  -2,  -2,  -4,  -1,   0,  -3,  -2,1458228042.813
  -1,   0,   0,   1,   2,   0,   1,   1,1458228042.836
  -1,  -2,  -1,  -6,   0,   2,  -2,  -3,1458228042.836
  -2,   1,  -1,   1,  -4,  -5,  -1,   0,1458228042.836
   0,  -2,  -2,   1,   2,  -5,   0,  -1,1458228042.836
  -1,  -2,   0,   3,  -1,   1,  -3,  -2,1458228042.858
  -1,   0,  -1,  -5,   0,   2,   0,  -1,1458228042.858
   0,  -2,  -1,  -2,   1,  -5,  -3,  -2,1458228042.859
   0,  -2,  -1,   1,   0,  -3,   0,  -1,1458228042.859
  -2,   0,   2,  -1,  -2,  10,  -2,  -1,1458228042.872
  -3,  -1,  -1,  13,   1,  -8,  -1,   2,1458228042.880
  -2,  -3,  -3, -12,   0,  -2,  -1,  -2,1458228042.880
   1,  -1,   2,   2, -11, -18,  -1,   0,1458228042.880
  -1,  -3,  -5,  -9,   2,  21,   1,   0,1458228042.896
   0,   0,   2,  -2,   3,  -6,   0,   0,1458228042.896
  -1,  -1,   0,   9,   6,   2,   1,  -1,1458228042.896
   0,   0,   1,  -9,  -7,   0,  -1,  -1,1458228042.896
  -2,  -2,  -2,  -4,   3,  -8,  -3,  -1,1458228042.918
  -1,  -3,  -7, -12,  16,   9,   0,  -1,1458228042.918
  -1,   1,   1,   1, -22, -14,  -2,   0,1458228042.924
  -2,  -2,  -2,   7,  -3, -20,  -5,  -1,1458228042.924
   1,   1,   4,   2,   6,  10,   4,   1,1458228042.933
  -2,  -1,  -2,  -5,   0,   3,  -3,  -1,1458228042.933
  -1,  -1,  -3,  -2,   6,  -5,   0,  -1,1458228042.933
   0,   2,  -1,   4,  10,   4,  -1,  -3,1458228042.933
   0,   0,   0,   2, -13,  -4,  -1,   1,1458228042.956
  -1,  -3,  -2,   0,   4,  -4,  -2,  -1,1458228042.956
  -1,  -1,  -3,  -2,   0,   4,  -2,  -1,1458228042.956
  -1,  -1,  -2,  -2,  -8,  -3,   0,  -2,1458228042.964
  -1,  -1,  -2,   1,  11,  -3,  -3,  -1,1458228042.978
   2,  -1,  -1,  -3,  -4,   0,   0,  -2,1458228042.978
  -1,   0,  -1,  -1, -11,   2,  -3,   0,1458228042.979
  -2,  -2,   0,   5,  25,   9,   1,   2,1458228042.979
  -1,   0,  -2,  -1, -12,  -8,   0,  -2,1458228042.992
   0,  -1,   0,   1, -23, -17,  -5,  -2,1458228042.992
  -2,   0,  -3,  -4,  -7,  -7,  -3,  -2,1458228042.993
   0,  -1,  -2,   2,  15,   8,   2,   1,1458228042.993
   0,  -3,  -1,   1, -24,  -4,   0,   0,1458228043.015
  -2,  -2,  -1,  -2,   9,  -1,  -2,  -1,1458228043.015
   1,   0,  -1,   1,  14,  17,   1,  -1,1458228043.016
   0,   1,   0,  -1, -12,  -1,  -3,   1,1458228043.016
  -3,  -1,  -4,   4,  -3,  -2,  -3,  -1,1458228043.038
   0,  -1,  -1,  -4,  17,   6,   2,   0,1458228043.038
   1,  -1,  -1,  -4, -40, -10,  -3,   0,1458228043.038
   0,  -2,  -2,   0,  31,   1,   0,   0,1458228043.039
  -1,   0,   0,   2,   3,  -9,  -3,  -3,1458228043.052
  -2,   0,  -2,  -5, -22,  18,  -1,  -2,1458228043.063
  -1,   0,   2,   3,   9,  -4,  -1,  -1,1458228043.063
  -2,  -3,   0,  -3,   1,   3,   0,  -1,1458228043.063
   0,  -4,  -2,  -2, -15, -11,  -4,  -2,1458228043.076
   2,   0,   2,   5,  32,  26,   4,   3,1458228043.076
  -9,  -1,  -1,  -1, -17,  -7,  -3,  -2,1458228043.076
   0,  -3,  -4,  -3, -12,   1,  -1,  -1,1458228043.076
  -1,   1,  -1,   1,  12,  -6,  -4,  -1,1458228043.098
   0,   1,   0,  -1,  -7, -10,  -3,   1,1458228043.098
   1,  -2,  -1,  -2,  11,   5,   0,  -1,1458228043.106
  -3,   0,  -2,  -4, -14,   0,   0,  -3,1458228043.106
  -1,  -1,  -1,  -3,  10,   0,  -2,  -1,1458228043.112
  -1,  -1,   0,   2,   1,   9,   1,  -1,1458228043.112
   1,  -2,   0,   1,  11,  -3,  -3,  -1,1458228043.113
  -3,  -3,  -3,  -7, -23,  -7,   0,  -3,1458228043.113
   1,  -1,  -2,  -1, -16, -10,   1,  -1,1458228043.136
  -3,  -2,  -4,  -4, -10, -13,  -4,  -3,1458228043.136
   0,  -1,   1,   2,  29,   4,   0,  -1,1458228043.136
   0,   0,   1,   2,  -1,  11,  -2,   0,1458228043.148
  -1,  -1,   0,   0, -12,  -2,  -1,  -1,1458228043.158
  -2,  -1,   0,  -1,  -5,  -8,  -1,  -1,1458228043.158
   0,  -1,  -3,   0,   2,  -3,   1,   0,1458228043.158
   1,   0,   0,  -5,   3,   2,   0,   0,1458228043.158
  -1,  -1,   0,  10,  -5,   7,   1,   0,1458228043.172
  -2,  -3,  -4,  -3,   5,  -5,  -3,  -1,1458228043.172
  -1,  -2,  -2,  -1,   2,  -4,  -2,   0,1458228043.173
  -2,  -2,  -4,  -8, -22, -10,  -3,  -3,1458228043.173
   0,   0,   0,   1,  30,  21,   4,   0,1458228043.195
   0,  -1,   0,   0, -11, -22,  -3,   0,1458228043.196
   0,  -2,  -3,   0, -10,  -3,  -2,  -3,1458228043.196
  -4,  -1,   0,   4,  21, -19,  -1,  -2,1458228043.196
  -4,  -2,  -3,  -6, -15,  11,  -5,  -3,1458228043.218
   0,  -2,   0,  -2,   3, -10,  -4,   0,1458228043.218
   0,  -2,  -3,  -6, -16,  -5,  -1,   0,1458228043.219
   1,   0,   3,   1, -15,  -3,   0,  -1,1458228043.219
  -1,   0,  -1,  -4,   7,  -4,   0,  -3,1458228043.232
   0,   4,   4,   3,   0,  -2,  -1,   0,1458228043.239
   2,  -1,   0,  -1,   8,   7,  -2,   0,1458228043.239
   5,   5,   3,   6,   4,  -6,   1,   1,1458228043.239
  -3,  -3,  12,   2,  -1, -22,  -1,   0,1458228043.255
  31,  24,   2,   4,   3,  38,   3,   4,1458228043.255
 -33,  19,   6, -10, -11,  -5,  -1,  -5,1458228043.256
   2, -52, -23,  -5,  -8,  -2,  -3,  -5,1458228043.256
  -3,  -9,  -7,   0,   8,  -2,   0,   5,1458228043.278
   3,   1,   3,   0,  -3,  -9,  -1,  -3,1458228043.278
   9,   0, -13,  -4,   5,   1,   1,   2,1458228043.285
  -5,  21,  10,  -3, -20,  -2,  -2,  -9,1458228043.285
   0,   0,   1,  -1,   7,   4,  -2,  -5,1458228043.292
  -7,  -1,  11,   2,  12,  -1,   2,   1,1458228043.292
   6,  -5,  -4,  -6, -36,  -8,  -1,  -3,1458228043.293
  -9,   1,  -2,  -1,  27,   1,   0,   3,1458228043.293
   4,  -3,  -4,  -4, -22,  19,  -1,   0,1458228043.314
  -7,  -3,  -6,   2,   4,   4,   1,  -2,1458228043.314
   2,  -8,  -5,  -4,  -6,   1,  -6,  -2,1458228043.323
   4,   3,  -4,  -3, -30, -19,   0,   0,1458228043.330
   2,  10,   7,   9,  26,   1,   5,   1,1458228043.338
 -10,  -8,  -7,  -9, -15, -16,  -4,  -6,1458228043.338
  -1,  -7,   2,   0,  -6,   0,   0,  -1,1458228043.339
   0,   5,   5,   1,  17,  11,   1,   2,1458228043.339
  -2,  -3,  -7, -12,   1,  -2,   0,  -4,1458228043.360
  -8,  -8,  -3,  13,  16,   5,   2,  -1,1458228043.360
   2,  -8,  -8, -37, -10, -19,  -4,  -2,1458228043.362
   0,   6,   3,  -3,  12,   6,  -1,   0,1458228043.362
  -3,  -2,  -1,  -8,  -4,  -5,   2,   1,1458228043.374
  -3,  -4,  -6,   2, -21,  -7,  -7,  -2,1458228043.374
   3,   3,   9, -10,  36,   9,  -9,   0,1458228043.383
  -2,  -2,  -8,  35,  -5,   6,  17,  -2,1458228043.383
  -2,  -3,  -8, -25, -48, -35, -26,  -5,1458228043.398
   1,  -1,   3, -14,   4,  -5,  15,   3,1458228043.398
   2,   1,   3,  -6,   6,   3,   1,   1,1458228043.400
  -3,   2,   8,  21,  44,  19,  -3,   0,1458228043.400
  -5,  -7,  -7,   7,  -4, -25,  19,  -4,1458228043.421
  -7,  -9, -14, -31, -36,  65, -18,  -7,1458228043.429
   0,  -2,   3,  18,   8, -19,  -8,   1,1458228043.429
   5,   4,   5, -24,   3, -30, -13,   1,1458228043.429
   7,   8,  10,  27,  55,  49,  29,   5,1458228043.443
  -4,  -6,  -4,   3, -29,  13,   8,  -3,1458228043.443
  -2,  -3,  -5,  -8, -66, -70, -23,  -7,1458228043.444
   4,   1,   3,  13,  58, 110,  37,   6,1458228043.445
  17,   3,  -1, -11, -10,-121, -32,   1,1458228043.457
 -18,  -2,   3,  17,  88, 102,  28,   7,1458228043.457
  -2,  -2,   2,  22,  41, -75,   6,  -2,1458228043.467
 -12, -10, -21, -38,-126, -48, -26, -14,1458228043.467
   5,   1,   5,  22,  34,  56,  13,   5,1458228043.480
   5,   3,  -1, -12, -98,-128, -27,  -3,1458228043.480
   6,   4,  -2, -37,  43, -24,   7,   6,1458228043.482
  -2,  -2,   8,  51,-103, -99,  -9,  -5,1458228043.482
 -15, -17, -36, -32,  -8, -51,  -3,  -8,1458228043.503
   8,   9,  16,  11,  42, -61,  10,  10,1458228043.503
  -1,  -1, -10,  -2, -68, 127,   1,  -4,1458228043.505
   4,   4,   6, -20, 117, -12,  -7,   2,1458228043.512
  -8,   0,   1,  -3,-101,  62,  -7,  -6,1458228043.518
   1,  -2,   9,  32, 106,  67,  17,   3,1458228043.518
   1,  -5, -11,  -6, -17, -83,   6,   2,1458228043.525
  -3,   3,  16,   6,  85, 104,   4,  -2,1458228043.525
  -9,  -9, -18, -13, -77,-100, -27, -10,1458228043.541
   2,  -6, -18,  19,  80, -12, -16,  -2,1458228043.541
   4,   9,  14,  -5, -82,  34,   4,  -3,1458228043.542
  -3,  -9,  -8,  15,  86, -16,  10,   5,1458228043.542
  -6,   4,   8, -39,  -1,  24,  -1,  -5,1458228043.571
   3,  -3,  -1,  26, -58,-104, -21,  -4,1458228043.571
  -4,  -3,   6,   3,  73,  43,  14,   0,1458228043.572
  -2,  -4, -13,   4, -99,  -8,   5,   1,1458228043.572
   5,   4,   6,  27,  51,   7,   1,   4,1458228043.577
  -8,  -9, -12, -39, -17,  28,  -5,  -9,1458228043.577
   2,  -2,   0,   7, -47,   8,  11,   3,1458228043.584
   0,   0,  -1, -12,  64,  51,  -2,   0,1458228043.584
  -4,  -1,  -1, -17, -28, -56, -13,  -5,1458228043.608
   2,   1,  -4, -24,  11,  17,   6,   4,1458228043.615
 -10,  -7,   2,  24, 114,  35,  -5,  -8,1458228043.615
   2,   1,   1, -14, -64, -45,  -9,   0,1458228043.615
   2,  -1,   8,  18, -11, -24,  10,   4,1458228043.623
   3,   6,  -2, -24,  46,  11,   3,   3,1458228043.623
  -8,  -7, -11, -22,  82, -41, -20, -12,1458228043.624
   2,   1, -10, -29, -26,  89,  17,   4,1458228043.625
  -1,   4,   6,  17, 104,  45,   6,   1,1458228043.638
  -4,  -6,  -3,   0,  17,   5,  -6,  -7,1458228043.638
  -2,  -4,  -4,  15,  28, -22,   3,   1,1458228043.647
  -5,   0,   5, -11,  29, -99, -28, -12,1458228043.647
   8,   5,   1,  32,  32, 108,  15,   8,1458228043.661
  -1,  -1,  -1, -33, -98, -82, -26, -10,1458228043.661
  -1,  -2,  -8,  21,  96, -10,   4,   1,1458228043.662
  -5,  -6,  -1,   4, -36,  29,   1,  -2,1458228043.662
  -3,  -4,   3,  43, 111, -17,   5,   0,1458228043.683
  -3,  -1,  -1,  -9, -74, -28, -12,  -5,1458228043.683
   1,   1,   1,  12,  46,  72,   9,   6,1458228043.689
  -2,  -1,  -2, -12, -52, -72, -19,  -5,1458228043.696
   0,  -1,  -4, -14, -39,  47,  22,   6,1458228043.696
  -4,  -2,  -4,  17, -12, -11,   4,  -3,1458228043.696
   1,   3,   1, -35,  39, -59,  -6,   2,1458228043.706
   1,   1,   2,  18, -34,  25,  11,   4,1458228043.706
  -1,  -1,  -3,   5,  25,  16,  -6,  -1,1458228043.720
   3,   6,  10, -37,-125, -20,  -8,   0,1458228043.720
 -11, -16, -16,  45, -16,  23,   3, -11,1458228043.722
   6,   7,   1,  -2,  -7, -45,   5,  10,1458228043.722
  -2,  -1,  -1, -16, -67,  -2, -10,  -4,1458228043.743
  -3,   0,   6,  15,  63,  75,  16,   0,1458228043.743
   0,   1,   5,   1,  16, -23,  -3,   0,1458228043.745
  -4,  -7, -15, -10, -15,  15,  -9,  -6,1458228043.745
  -4,  -4,   3,  -4,  91,  16,  -8,  -6,1458228043.758
  -2,  -4, -10,   8, -41, -77,  -4,  -1,1458228043.758
   8,   7,   7,  -7, -36,  52,   0,   5,1458228043.766
  -1,  -1,  -1,   2, 124, -25,   1,  -2,1458228043.766
  -3,  -3,  -2, -14, -16, -10,  -1,  -4,1458228043.781
  -1,  -3,   1,   5,  52,  -2,   4,   0,1458228043.790
  -3,  -2,   0,   7,  17,   6, -11,  -5,1458228043.790
  -2,   0,  -3,  -7, -35,  21,   6,   0,1458228043.790
   7,   9,  14,  -7,  67, -41,  -4,   6,1458228043.803
  -4,  -7, -15,   1, -33, -15,  -6,  -6,1458228043.803
  -1,   2,   2, -11, -42,  -7,  -2,   0,1458228043.804
   1,   0,  -1,   3,  10,  18,   2,   2,1458228043.805
  -3,  -4,   0,  -1,  66, -27,   0,  -2,1458228043.817
  -2,  -3,  -3,   3,  13,  17,  -4,  -4,1458228043.817
   3,   2,  -3, -12, -93, -46,  -5,   0,1458228043.826
  -3,  -2,  -1,   1,  58, -17,  -6,  -3,1458228043.826
  -3,  -2,  -4,  -2, -34, -11,  -2,  -1,1458228043.848
   2,   1,   4,   6,  61,  32,   4,   1,1458228043.848
   1,  -3,  -4,   2, -28,   3,   0,   0,1458228043.849
  -1,   1,   3,   1, -14, -12,  -3,  -4,1458228043.850
  -2,  -1,  -4,  -7, -36,   8,  -2,  -1,1458228043.863
  -2,   0,   3,   6,   8,  19,   5,   2,1458228043.863
  -1,  -2,  -4,  -5, -24, -16,  -3,   0,1458228043.864
   1,   0,  -5,  -9, -18,  -4,  -4,   1,1458228043.875
   0,  -2,   0,   3, -18,   4,   4,   1,1458228043.877
  11,   2,   4,   3,  18,  -5,  -4,  -4,1458228043.877
 -14,   4,  -4,  -2, -11,  -4,   0,  -2,1458228043.886
   8,  -1,   2,   1,  13,   8,   0,   4,1458228043.886
 -14, -11,  -4,  -3, -29,  -2,  -6, -12,1458228043.901
  -9,  -7,  -7,  -6,  10,   0,   1,  -3,1458228043.901
   4,  -1,   0,  -1,   0,   5,  -2,  -2,1458228043.902
   0,   3,  -1,   0,  -4,   1,   4,  -2,1458228043.902
   5,   6,  -2, -10, -19,  -7,  -1,   1,1458228043.923
   4,   1,   1,  24,  18,   3,   1,   2,1458228043.923
 -10,  -9,  -4, -14, -17, -14,  -1,  -6,1458228043.925
  -6,  -2,   1,  -4,  -4,  -3,  -2,  -4,1458228043.925
   3,   0,  -1,   0, -12,  -4,   7,   2,1458228043.936
   3,   8,   0,  -6,  11,   6,  -7,   2,1458228043.936
  13,   5,   4,   5,   1,   3,  -1,   2,1458228043.946
  -9,  -6,   4,  -3,  -3, -16,  -8,  -4,1458228043.946
  -9, -11,  -5,  -9, -26,  -7,  11,   1,1458228043.960
  -2,  -2,  -4,  -7,   2,   9,   0,  -2,1458228043.969
   1,   1,   0,   6,   2,   5,   6,   3,1458228043.969
   6,   3,  -2,  -9,  -7,  -1,  -9,   6,1458228043.969
   5,   5,  -1,   4,   6,   8,  -1,  -8,1458228043.983
  -6,  -4,   3,  -3,   0,  -6,   0,  -9,1458228043.983
 -11,  -7,   4,   1,  -8,  -1, -12,  -2,1458228043.985
  -5,  -5,  -8,   6,   7,   0,  -4,  -5,1458228043.985
   0,   2,  -1,  -1,  -4,   0,  -3,   2,1458228043.997
   1,   5,   5, -18,  -1,   8,  10,   5,1458228043.997
  10,   3,  10,  59,  47,   3,  10,   6,1458228044.008
  -5, -11, -25, -30, -57, -16,   1,   0,1458228044.008
   0,   1,   0, -16,   5,   1,  -4,   0,1458228044.021
   0,  -3,  -3,  -9, -21,  -6, -13,  -3,1458228044.021
  -1,   1,   9, -13,  13,   9,   1,   1,1458228044.022
   1,   4,   9,  57,  23,   0,   4,  -2,1458228044.022
   0,  -4,  -9, -25, -21,  -3,  -8,  -4,1458228044.043
  -1,   4,  14, -15,  16,  11,   6,   5,1458228044.043
  -4,  -5,  -9,  69,   6, -12,   0,  -2,1458228044.044
  -1,  -4, -10, -64, -25,  -2,   0,  -3,1458228044.052
   0,   1,   3,   4,   3,   3,  -5,  -2,1458228044.056
  -4,  -3,  -3,   4,  -2,  -3,   2,   2,1458228044.056
   1,   2,   0, -12,  -2,   2,   1,   0,1458228044.065
  -1,   1,   4,   7,   6,   1,  -3,  -2,1458228044.065
  -2,  -3,   1,   8,  -3,   0,   2,   1,1458228044.080
  -1,  -1,  -2,  -4,   6,   0,  -1,  -1,1458228044.080
  -1,  -3,  -7, -22, -19,  -3,  -7,  -6,1458228044.082
  -1,   0,   3,   3,   8,   2,   5,   1,1458228044.082
   0,  -2,   1,  -2,   0,   2,  -1,  -1,1458228044.103
  -2,  -2,  -3,  19,   3,  -5,   6,  -2,1458228044.103
  -3,  -1,  -5, -26, -16,  -1,   2,  -2,1458228044.105
   0,   2,   2,   4,   4,   1,   2,   1,1458228044.105
   0,   0,   2,  14,   5,  -2,  -4,   1,1458228044.117
  -1,  -3,  -8,  -2,  -8,  -5,  -8,  -2,1458228044.117
   0,  -1,  -4, -17, -13,  -1,  -2,  -1,1458228044.126
   1,   1,   6,   4,  10,   2,  -2,   0,1458228044.126
  -3,  -1,  -4,   4,   0,  -2,  -6,  -1,1458228044.148
  -1,  -2,  -7,  -8,  -5,  -2,  -6,   0,1458228044.155
  -2,  -1,  -2, -19,  -5,   1,   2,  -2,1458228044.155
  -1,  -2,   1,   9,   4,  -2,   0,  -1,1458228044.155
  -1,  -1,   1,   1,  -1,  -1,  -2,   1,1458228044.164
  -1,  -3,  -3,  -1,  -1,  -2,   0,  -1,1458228044.164
  -2,  -2,  -4, -12,  -7,   0,  -1,  -1,1458228044.166
   0,   0,   1,   1,   4,   2,  -5,  -1,1458228044.166
  -1,  -1,  -1,   5,  -2,  -4,  -7,  -1,1458228044.175
  -1,  -3,  -2, -19,  -8,  -6,  -4,  -2,1458228044.175
   0,  -1,  -1,   5,  -1,  -2,  -4,  -1,1458228044.185
  -1,  -2,   0,  -2,   1,   0,  -4,  -1,1458228044.185
  -1,  -2,   0,   3,   0,   0,   0,   1,1458228044.200
   1,   0,   2,  12,   8,   1,   2,   0,1458228044.200
   1,  -3,  -7, -16, -11,  -3,   0,  -3,1458228044.202
   0,   1,   1,  -1,   2,   1,   6,   0,1458228044.202
   0,   2,   0,   5,   5,   0,   3,  -2,1458228044.223
  -2,   0,  -3,   3,  -6,  -2,   2,   0,1458228044.223
  -1,  -2,   0,  -4,  -3,  -1,   1,  -1,1458228044.224
   0,  -1,   1,   2,   2,  -2,  -1,  -1,1458228044.232
  -1,  -1,  -2,  -6,  -4,  -1,   0,  -1,1458228044.237
  -1,  -2,   0,  10,   5,   0,  -1,  -1,1458228044.237
  -1,  -1,  -4, -18,  -2,   0,  -1,  -1,1458228044.246
  -1,   0,  -3,   5,  -2,  -2,  -3,  -2,1458228044.246
   0,  -1,  -2,  -6,  -3,  -2,  -1,  -2,1458228044.260
  -2,  -2,  -1,   1,  -1,  -4,   0,  -3,1458228044.260
   0,   0,   2,   9,   3,   1,  -1,  -1,1458228044.267
  -1,  -3,   1,  -1,   0,  -1,  -2,  -1,1458228044.267
   0,  -1,   1,  -5,  -5,  -2,   0,  -1,1458228044.283
   1,   0,   0,   0,   3,   0,   0,   1,1458228044.283
   0,  -1,  -3,  -7,  -7,  -4,  -2,  -2,1458228044.284
  -2,  -1,   0,   0,   1,  -1,  -2,  -2,1458228044.284
   0,  -1,   0,   4,   1,  -2,  -2,  -2,1458228044.296
   0,  -1,  -5, -18,  -7,  -2,  -1,  -1,1458228044.296
   0,   0,   1,   5,   4,  -1,  -2,   0,1458228044.305
  -3,   1,   0,   0,  -2,  -1,  -1,   2,1458228044.305
  -3,  -3,   0,  -1,  -3,  -1,  -2,  -2,1458228044.320
  -2,  -1,   0,   2,  -1,  -3,  -1,  -1,1458228044.331
   0,  -1,   1,   4,   0,   1,  -1,  -1,1458228044.331
   1,   0,  -4, -10,  -3,  -3,   0,  -2,1458228044.331
   2,   1,  -1,  -1,  -1,  -1,  -2,  -1,1458228044.343
  -1,  -1,  -1,   3,  -1,  -2,  -3,   1,1458228044.343
  -1,  -2,  -1,  -1,   0,  -3,  -2,  -1,1458228044.345
  -2,  -1,   1,   5,   0,   0,  -1,  -1,1458228044.345
  -2,   0,  -3,  -5,  -1,  -1,  -1,   0,1458228044.366
  -1,  -1,   0,   6,   3,  -2,  -2,  -1,1458228044.366
  -1,   0,   1,  -3,  -1,  -2,   0,  -2,1458228044.374
   0,  -3,  -2,   2,  -1,  -2,  -1,  -1,1458228044.374
  -2,  -1,  -2,   3,   0,  -2,  -3,   0,1458228044.380
  -2,  -1,  -3,   2,  -3,  -1,   0,  -1,1458228044.380
  -2,  -1,   2,   4,   3,   0,   0,   1,1458228044.387
   0,  -1,   0,  -1,   1,   2,   1,   0,1458228044.387
  -2,  -4,  -1,  -2,  -4,  -1,  -2,  -3,1458228044.404
   2,   0,   3,   1,   7,  -1,   1,   0,1458228044.404
  -1,   0,  -1,   5,  -5,  -2,   0,  -1,1458228044.405
  -2,  -3,  -8, -22, -11,  -5,  -2,  -2,1458228044.413
   2,   1,   2,   1,   4,  -6,   1,   0,1458228044.426
  -2,   0,  -1,  -2,   1,  14,  -1,  -1,1458228044.426
  -2,  -1,  -2,  -3,   0,  -2,  -2,   0,1458228044.427
   0,   0,   2,   4,  -5,   0,   0,   0,1458228044.427
   0,  -1,  -3,  -1,  -3,  -3,  -2,  -1,1458228044.440
   0,  -3,   0,  -4,  -3,  -4,  -1,  -3,1458228044.440
  -1,   0,  -1,  -2,  -1,   0,  -1,   0,1458228044.446
  -1,   0,   0,   5,   2,   0,  -2,   0,1458228044.446
  -1,  -3,  -4,  -4,  -1,   1,  -1,  -1,1458228044.463
  -1,   0,   0,  -1,  -3,  -2,  -1,   0,1458228044.463
   0,  -2,  -1,   0,   1,   2,  -1,  -2,1458228044.471
  -3,  -2,  -3,  -2,  -4,  -4,  -1,  -2,1458228044.471
  -1,  -1,   0,  -1,   0,  -1,  -2,   0,1458228044.485
  -1,  -2,  -1,   1,  -1,  -4,  -4,  -2,1458228044.485
   0,  -1,   1,  -4,  -1,  -1,  -3,  -1,1458228044.487
  -1,  -1,   0,   4,   1,  -1,  -5,   0,1458228044.487
   0,  -1,  -2,  -5,  -5,   1,  -2,  -1,1458228044.499
  -1,  -2,  -3,  -2,  -3,  -2,  -1,  -1,1458228044.508
  -2,   0,   1,   0,  -1,  -2,   2,  -1,1458228044.508
  -1,   0,   3,  13,   6,   1,   3,   0,1458228044.508
  -1,  -2,  -6, -11,  -6,  -2,  -1,  -2,1458228044.523
   0,   0,   2,   0,  -1,  -4,   1,   0,1458228044.523
  -1,  -4,  -3,   5,  -1,  -3,   0,  -3,1458228044.524
   0,  -1,   0,  -1,   2,   2,   1,  -2,1458228044.525
   0,  -1,  -1,   3,   1,   0,   2,   1,1458228044.545
  -3,   0,   0,  -2,  -2,  -1,   1,  -3,1458228044.546
  -1,  -1,  -1,  -4,   0,  -2,  -3,   0,1458228044.558
  -1,  -3,  -3,   0,  -1,   1,   0,  -2,1458228044.559
   1,  -1,   0,   2,   1,  -1,   1,   0,1458228044.559
   0,  -2,  -4,  -4,  -3,  -3,  -1,   0,1458228044.559
  -1,  -1,  -1,   0,  -3,  -2,  -3,   1,1458228044.568
   0,  -2,  -2,  -4,  -2,  -2,  -2,  -1,1458228044.568
  -2,   0,   1,  -1,   0,  -2,  -2,   1,1458228044.583
   0,   1,   1,   1,   1,   0,  -1,  -1,1458228044.583
  -1,   0,  -4,  -4,  -8,  -1,   0,  -2,1458228044.585
  -1,  -1,  -1,  -4,   1,   1,  -1,  -1,1458228044.599
   0,  -2,   0,   2,   2,  -1,   0,  -2,1458228044.605
  -2,  -3,  -2,  -2,  -9,  -3,  -1,  -2,1458228044.606
  -1,   1,  -1,   1,   1,   0,  -2,   1,1458228044.607
  -2,   1,  -2,  -3,   0,   0,  -2,  -1,1458228044.607
  -2,   0,  -1,   4,  -3,  -2,  -1,  -4,1458228044.619
  -1,   0,  -6,  -8,  -6,  -9,  -3,  -1,1458228044.619
   0,  -1,   0,  -4,   2,  12,  -1,   0,1458228044.628
  -1,   0,  -1,  -5,  -9,  -2,   1,   0,1458228044.628
  -1,   0,   2,  16,  12,  -1,   0,  -1,1458228044.643
  -1,  -1,  -4,  -9,  -7,  -2,  -1,  -1,1458228044.643
  -1,  -2,   2,   1,  -2,  -5,  -2,  -2,1458228044.645
  -1,  -2,  -5,  -1,   6,   1,   0,  -2,1458228044.645
  -1,  -1,   3,   1,   2,  -3,  -2,  -2,1458228044.665
  -1,  -2,  -2,   2,  -8,  -3,  -1,  -1,1458228044.665
  -1,   0,   0,  -3,   1,  -4,  -2,  -3,1458228044.667
   0,  -2,  -2,  -6,   2,  12,  -2,  -2,1458228044.667
  -2,  -1,  -3,  -5, -17, -21,   0,  -1,1458228044.680
   0,   0,   1,   7,  19,  25,   2,   1,1458228044.689
  -2,  -2,  -1,   0,  -8,  -9,   1,  -1,1458228044.689
  -2,   1,   2,   3,   2,   3,  -2,  -1,1458228044.689
   2,  -1,  -5,  -7,  -7,  -2,  -1,   0,1458228044.703
   0,  -2,   0,  -2,  -3,  -8,  -2,  -2,1458228044.703
   0,  -2,  -2,   2,   3,   3,   2,   0,1458228044.704
  -2,  -2,   1,   0,  -1,   1,   1,  -1,1458228044.704
  -1,  -1,   1,   8,   0, -14,  -3,   1,1458228044.725
   0,  -1,  -2,  -5,   7,  21,   2,   0,1458228044.725
  -1,  -3,  -2, -14, -10, -33,  -6,  -4,1458228044.734
  -1,   0,   1,   3,  -9,  -2,  -1,  -3,1458228044.734
   0,   0,  -1,  -2,   5,  17,   5,   1,1458228044.739
  -2,  -1,   0,   5,  -4,  -5,  -2,   0,1458228044.739
   0,  -2,  -3,   1,   7,   1,   1,   0,1458228044.748
  -1,  -3,  -4,  -7,  -2, -29,  -4,  -5,1458228044.748
  -1,   0,  -2,  -6,  -9,  23,   7,   0,1458228044.763
   1,   1,   3,   8,  21,  11,  -6,   0,1458228044.763
   0,   0,  -2,  -4, -38,  17,   4,   1,1458228044.765
   1,   0,   0,   1,  10, -20,  -5,   1,1458228044.774
  -1,  -2,   1,   1,  -8,  -4,  -2,  -2,1458228044.785
  -2,  -1,  -2,  -2,  -8,  11,   4,   0,1458228044.786
  -1,   0,  -1,   2,  10,  -7,  -8,  -2,1458228044.787
  -1,   0,   0,  -1,  -4,  10,   3,   0,1458228044.787
  -2,   0,  -1,   4,   3,  -5,  -4,  -3,1458228044.800
  -2,  -2,  -2, -16, -10, -14,  -2,  -1,1458228044.800
  -1,   0,   0,   2,  11,   2,   0,   0,1458228044.808
   0,  -1,  -2,  10,  -5,   2,   1,  -1,1458228044.808
  -1,  -3,  -2, -10,   2,   2,  -2,  -1,1458228044.823
  -2,  -2,  -4, -11, -12, -19,  -2,   0,1458228044.823
   0,  -1,  -2,   3,   5,   8,   0,  -3,1458228044.824
  -3,  -1,   0,  -3,   6,   4,  -1,  -2,1458228044.824
  -1,   0,   0,   2,   0,  -5,  -5,  -2,1458228044.845
   0,  -1,  -2,  -2, -14,  -8,  -2,  -2,1458228044.845
  -1,  -1,   1,  -4,   4,   0,   1,   1,1458228044.847
   0,   0,   0,   6,   0,   1,  -2,  -1,1458228044.847
  -2,  -1,  -5, -15,   0,  -4,  -3,  -1,1458228044.859
  -2,   1,   0,   9,   4,  -5,  -2,  -1,1458228044.868
  -1,  -2,  -3,  -4,   2,   3,  -1,   0,1458228044.868
  -1,  -2,   0,   1,   2,  -4,  -2,  -2,1458228044.868
   0,  -1,   3,   7, -10,  -1,  -1,   0,1458228044.883
  -2,  -1,  -6, -18,  -1, -21,   2,  -2,1458228044.883
   0,  -1,   0,  12,   9,  15,   2,  -1,1458228044.884
   0,   0,  -3, -11,  -6,  16,  -3,  -1,1458228044.885
  -1,  -3,  -4,   0, -14, -31,  -7,  -3,1458228044.905
   0,  -2,   2,   7,  23,  -5,  -3,  -2,1458228044.905
   1,   3,   2,   6,   6,  31,   7,   4,1458228044.914
  -2,  -2,  -2,  -8,  -4,  -5,   1,   0,1458228044.914
  -1,   0,  -1,  -1,   3,   7,  -2,  -4,1458228044.919
   0,  -2,   1,   6,   6,  -3,  -2,  -3,1458228044.919
   0,  -3,  -1,  -1, -29, -10,  -1,   0,1458228044.928
  -1,   1,   1,   0,   4,  -6,  -4,  -2,1458228044.928
  -1,   1,  -1,   0,   3,   7,   0,   0,1458228044.943
  -2,  -1,   0,   3,  -3,  -1,   0,   0,1458228044.943
  -2,  -2,  -5,  -7,   8,  -7,  -6,  -1,1458228044.945
   0,  -3,  -1,  -1, -11,  -3,   1,   0,1458228044.954
   0,  -2,  -4,  -4,   3,  -3,  -1,   0,1458228044.965
   2,  -1,   3,   8,   5,   6,  -1,   1,1458228044.965
  -2,  -1,   0,  -3,   0,  -8,  -4,  -1,1458228044.967
  -3,  -3,  -1,   2,  -5,  -3,   3,   0,1458228044.967
  -2,  -2,  -1,   0,   9,   5,   1,   0,1458228044.979
  -1,   1,   1,  -4,  -5,   8,  -1,  -1,1458228044.979
  -2,  -1,   1,   1,  -5,  -8,  -2,  -3,1458228044.988
  -1,  -2,  -2,   1,   1,  -3,  -3,  -2,1458228044.988
   1,  -1,  -1,  -3,   5,   5,   2,   1,1458228045.003
  -1,  -1,  -4, -12, -19,  -4,  -2,  -3,1458228045.003
  -1,  -1,  -2,  -2,  -3,  -9,  -3,  -3,1458228045.005
  -2,  -1,  -2,   0,   6,   3,   1,   3,1458228045.005
  -2,  -2,   0,   3,   5,   3,  -1,  -6,1458228045.025
  -2,  -2,  -1,  -1,  -7,  -4,   0,  -1,1458228045.025
  -3,  -2,  -3,  -6,   1,  -4,  -4,  -2,1458228045.027
   0,   0,  -1,   1,   0,   0,   0,  -2,1458228045.027
  -1,  -2,  -3,  -3,  -5,  -1,  -1,   0,1458228045.039
  -1,   0,  -1,   2,  -3,  -1,  -2,  -1,1458228045.048
  -1,  -3,   0,   0,  -3, -21,   1,   0,1458228045.048
   0,  -1,   0,  -2,   4,  15,   0,  -1,1458228045.048
  -2,   0,  -2,  -5,  -5,  -4,  -2,  -1,1458228045.064
  -1,  -2,  -2,   6,   0,  -1,   0,  -2,1458228045.064
  -2,  -2,   0,   3,   2,  -9,  -1,  -2,1458228045.077
   1,  -1,  -5, -18, -12,   3,  -4,  -2,1458228045.077
  -1,   1,  -2,   0,   0,  -2,  -1,  -1,1458228045.085
   0,   0,   0,  -3,   0,   1,  -2,   0,1458228045.085
  -1,  -1,  -1,  10,   1,   3,  -1,  -1,1458228045.097
  -1,  -1,   1,   1,  -1,  -7,  -2,  -2,1458228045.097
   0,  -1,  -3,  -5,  -1,   5,  -3,   1,1458228045.099
  -1,  -1,  -1,   2,  -4,  -4,  -2,   0,1458228045.099
   0,   0,  -5,  -7,   0,   4,   3,  -1,1458228045.108
  -2,  -2,   0,   1,   0,  -2,  -3,  -2,1458228045.108
   0,  -4,  -3,  -2,  -2,  -3,  -1,  -1,1458228045.123
  -2,  -1,  -1,   1,   2,   1,  -1,   1,1458228045.123
  -2,   0,   0,   0,   1,   3,  -2,  -3,1458228045.125
  -1,   1,   0,   1,  -2,  -3,  -1,  -3,1458228045.134
  -2,  -2,  -1,   1,  -3,  -2,   0,  -2,1458228045.146
   0,  -1,   0,   1,   1,   2,  -1,  -2,1458228045.146
  -1,  -2,   0,  -1,  -1,   4,   0,   2,1458228045.147
  -2,   0,  -1,   3,   0,  -5,  -1,   0,1458228045.147
  -2,  -2,   0,  -2,   1,   2,  -4,  -3,1458228045.159
  -2,  -1,  -2,  -3,  -2,   0,   3,  -2,1458228045.159
  -2,   0,   1,   1,  -4,   0,  -1,  -1,1458228045.168
   1,   0,  -3,  -2,   0,  -1,   1,   0,1458228045.168
  -3,  -1,  -1,   1,   1,   0,  -2,   0,1458228045.183
   1,  -2,  -2,   0,  -3,   0,  -1,  -1,1458228045.183
  -2,   0,  -3,  -5,   0,   0,  -1,  -2,1458228045.185
  -2,  -1,  -1,   0,  -1,  -3,  -2,  -3,1458228045.185
   1,   1,   1,   3,   0,   0,   0,   2,1458228045.205
  -1,  -2,   0,   1,  -2,  -1,  -2,  -2,1458228045.206
   0,  -2,  -3,  -5,  -1,   0,   0,  -3,1458228045.207
   0,  -1,  -1,  -1,  -2,  -1,   0,   2,1458228045.207
   0,  -1,   1,  -1,   0,   1,  -1,   0,1458228045.219
  -1,  -3,  -5,   1,  -1,  -1,   0,  -2,1458228045.228
   1,   0,   0,  -1,  -1,   1,  -1,   2,1458228045.236
  -1,  -4,  -4,  -2,  -2,  -1,  -3,  -4,1458228045.236
  -1,   0,   3,  -1,  -2,  -1,   1,  -2,1458228045.242
  -2,  -1,  -1,  -3,  -1,   0,  -1,  -1,1458228045.242
  -1,  -2,  -4,  -5,  -4,  -1,  -1,  -3,1458228045.249
  -1,   1,   2,   2,   1,  -3,  -2,   1,1458228045.249
  -2, -12,  -7,  -3,  -3,  -1,   0,  -1,1458228045.265
  -2,   1,  -1,  -4,   0,  -1,   0,   0,1458228045.266
   0,   0,   0,   1,   1,  -1,   0,   0,1458228045.275
   0,   1,   3,   2,  -1,  -2,  -1,  -2,1458228045.275
  -3,   0,  -8,  -4,   0,  -3,  -2,  -2,1458228045.288
  -2,  -2,   2,   4,   1,  -1,  -2,  -1,1458228045.288
  -1,  -3,  -6, -16, -10,  -1,   0,  -1,1458228045.290
  -4,  -2,   0,   2,   0,  -1,  -1,  -1,1458228045.290
   1,   2,   0,  -2,  -3,   1,  -1,  -1,1458228045.311
  -1,  -1,  -3,  -3,  -3,   0,  -1,  -3,1458228045.311
   0,   4,   2,   4,   4,   0,  -2,   0,1458228045.312
  -3,  -9,  -9,  -5,  -5,  -3,   0,  -2,1458228045.321
   0,   1,   0,  -2,   0,  -3,  -2,  -5,1458228045.326
  -1,   0,   2,   1,  -2,  -2,  -4,  -2,1458228045.326
   1,  -2,   1,   3,   3,   1,   1,  -1,1458228045.327
  -1,   1,  -2,  -1,  -1,  -1,   0,   2,1458228045.327
  -2,   0,   2,   0,   1,  -1,   1,   0,1458228045.364
  -2,   0,   0,   6,   3,  -1,  -2,  -3,1458228045.364
   0,  -4,  -3,  -6,  -7,  -2,  -3,  -2,1458228045.366
   0,   0,  -1, -13,  -7,  -2,  -1,  -2,1458228045.366
   1,  -2,  -7,   2,   0,   1,  -3,  -3,1458228045.375
  -2,   1,   4,   1,  -1,  -1,  -1,  -1,1458228045.375
  -2,  -4,  -6,   2,   1,  -4,  -1,   0,1458228045.375
  -1,   0,  -2,   2,   2,   1,  -3,  -1,1458228045.375
   1,  -1,   1,  -6,  -2,   0,  -1,   0,1458228045.393
   0,   0,  -2,  -1,   1,   2,   0,  -1,1458228045.393
   0,  -1,   0,   2,   0,   0,  -2,  -1,1458228045.395
  -2,   0,   1,  -3,  -4,  -3,  -1,  -2,1458228045.395
  -2,  -3,  -6,  -1,  -1,  -1,   0,   0,1458228045.408
  -2,  -3,  -2,   1,   2,  -2,   0,  -1,1458228045.418
  -1,   1,   3,  -1,  -3,  -2,  -1,   0,1458228045.418
   0,  -2,  -3,   0,   3,  -1,  -1,  -2,1458228045.418
  -1,   1,   2,   3,  -1,  -3,  -2,  -1,1458228045.431
  -1,  -5,  -4, -12,  -7,  -2,   0,   3,1458228045.431
  -2,   0,   0,   1,   1,   2,  -2,  -4,1458228045.432
  -1,   1,   1,   1,   0,   0,   0,  -2,1458228045.432
  -2,   4,   3,   5,   0,  -1,   0,   0,1458228045.445
   0, -13,  -9,  -3,  -1,  -1,   1,  -3,1458228045.446
   1,   2,   2,  -1,   1,  -1,  -2,  -1,1458228045.455
  -2,  -2,  -1,   2,  -1,   1,  -2,   0,1458228045.455
  -1,   0,   2,   1,   1,  -1,   2,   0,1458228045.468
  -1,   2,   1,  -7,  -3,   0,  -1,   0,1458228045.469
   0,  -3,  -1,   0,   0,   1,   0,  -1,1458228045.470
   1,  -1,   1,   0,   0,  -3,  -1,  -2,1458228045.470
  -1,  -3,  -2,  -2,   1,   0,  -3,  -1,1458228045.482
   0,   3,   2,   5,   2,  -1,  -2,   0,1458228045.482
  -1,  -3,  -2,  -4,  -5,  -4,   0,   0,1458228045.489
  -1,   0,  -1,  -2,   2,   0,  -3,  -2,1458228045.499
  -2,   0,   0,   1,   0,  -3,   0,  -1,1458228045.506
  -2,   1,  -3, -10,  -5,  -1,  -1,  -1,1458228045.506
  -1,  -1,  -1,   1,   2,   0,  -2,  -1,1458228045.507
   0,   1,  -3,  -1,  -4,  -4,   0,   0,1458228045.507
   0,  -1,   0,   0,   2,  -1,   0,  -1,1458228045.528
  -3,  -2,  -1,   2,   2,   2,  -1,  -3,1458228045.528
  -1,  -1,  -2,  -2,  -2,  -1,  -2,   2,1458228045.530
  -1,  -2,  -2,  -4,  -3,   0,   0,  -3,1458228045.530
  -1,  -2,   1,   1,  -1,  -1,  -1,  -1,1458228045.551
   0,   0,   0,  -3,  -3,  -2,   0,  -1,1458228045.551
  -2,  -3,  -4,   1,  -1,  -1,  -1,   0,1458228045.552
   0,  -1,   0,   1,   1,  -1,   1,   1,1458228045.552
  -1,   0,   0,  -4,  -1,  -1,   0,  -2,1458228045.566
   1,   0,  -1,   3,   0,  -2,  -1,  -3,1458228045.566
  -1,   0,  -3,  -1,   0,   0,   0,  -1,1458228045.567
   0,  -3,  -2,  -6,  -1,   0,   0,  -1,1458228045.567
  -2,  -1,   0,   0,  -2,   0,   0,   0,1458228045.588
   1,   1,  -1,  -3,  -2,  -1,   0,   1,1458228045.599
   0,  -1,   0,  10,   4,   0,  -1,  -4,1458228045.599
  -1,  -1,   0,   1,  -4,  -2,  -2,   0,1458228045.599
   0,  -3,  -4, -12,  -6,   0,  -1,   0,1458228045.602
   0,   1,   0,   4,   2,   1,  -1,  -2,1458228045.602
  -2,  -1,  -2,  -2,   3,  -1,  -1,  -2,1458228045.611
  -1,   0,  -1,  -1,  -3,  -1,  -1,   1,1458228045.611
  -1,   1,   0,  -3,  -2,  -1,   0,  -1,1458228045.625
   0,  -1,  -2,   2,  -4,  -1,  -1,   0,1458228045.625
  -2,  -3,  -1,  -5,  -1,  -2,  -1,  -2,1458228045.635
   0,  -2,  -1,   3,   0,  -1,   0,  -2,1458228045.635
  -1,   0,  -1,   0,  -2,  -2,  -1,  -1,1458228045.648
  -1,   1,   1,   4,   3,   0,   1,   0,1458228045.648
  -2,  -3,  -3, -13, -12,  -1,  -2,  -2,1458228045.649
  -1,  -1,  -2,   0,   3,  -1,   0,   1,1458228045.649
  -1,  -3,  -1,   2,  -1,  -1,   0,   0,1458228045.661
   0,   0,   0,   2,   5,   0,   1,  -1,1458228045.661
   0,   1,   2,  -3,  -5,  -3,   0,  -2,1458228045.670
  -1,  -2,  -2,   2,  -1,  -1,  -1,  -2,1458228045.681
   0,  -2,  -4,   0,   0,  -1,  -1,  -1,1458228045.686
  -2,  -1,  -2, -11,  -7,  -1,  -3,  -1,1458228045.686
   0,   1,   1,   2,   1,  -1,  -2,   0,1458228045.687
  -1,  -1,   0,   0,  -2,   1,   0,  -1,1458228045.687
  -1,   1,  -1,  -1,   1,  -2,  -3,  -1,1458228045.708
  -2,   0,  -1,   0,  -2,  -1,  -1,  -1,1458228045.708
   0,  -1,  -4,  -3,  -2,  -2,   0,  -2,1458228045.709
  -1,  -2,   1,   2,   2,  -1,  -4,  -3,1458228045.709
   0,  -2,  -1,   1,  -2,  -3,   0,  -1,1458228045.723
  -2,  -3,  -3,   1,  -1,   1,   1,   0,1458228045.723
  -1,   0,   1,  -2,   0,  -3,  -1,   0,1458228045.729
  -1,  -2,  -1,   7,   4,   0,  -1,  -1,1458228045.729
  -1,  -3,  -6, -18, -12,  -2,  -1,  -4,1458228045.746
  -2,   0,   0,  -1,  -1,   0,  -1,   0,1458228045.746
  -1,  -1,  -1,   6,   4,   0,  -1,  -1,1458228045.747
  -1,  -1,  -5,  -4,  -6,  -3,  -1,   1,1458228045.747
   0,  -1,   0,   1,   0,  -1,   0,  -1,1458228045.768
  -2,  -2,  -2,  -4,  -1,  -1,  -3,  -6,1458228045.778
   0,  -2,   0,  -2,   1,  -2,  -1,  -1,1458228045.778
   0,   1,   0,  -1,   0,  -1,  -1,   0,1458228045.778
   0,  -3,  -4,  -6,  -5,  -2,  -2,   0,1458228045.791
  -1,   1,  -2,   1,   0,   1,  -1,  -1,1458228045.791
  -1,  -1,   0,  -1,  -4,  -1,  -1,  -2,1458228045.792
  -1,  -1,  -1,  -4,  -3,   0,   0,   0,1458228045.792
  -1,  -1,   1,   7,   2,  -2,   0,  -2,1458228045.806
  -2,  -2,  -1,  -3,  -4,  -3,  -2,  -2,1458228045.806
  -2,  -1,  -1,  -1,  -1,   1,  -2,  -1,1458228045.817
   0,   0,  -1,  -3,  -2,  -1,   1,  -1,1458228045.817
  -1,  -2,   0,   0,   0,   0,  -1,   1,1458228045.828
   1,   0,  -2,  -2,  -2,  -2,  -1,  -2,1458228045.828
  -1,  -1,  -1,   5,   1,   1,  -3,  -3,1458228045.830
  -1,  -2,  -4, -11,  -4,  -2,  -3,  -1,1458228045.830
  -2,   0,   2,   2,   3,   1,   3,   2,1458228045.842
  -1,   2,   0,  -5,  -1,  -2,   0,  -1,1458228045.842
  -1,  -1,  -2,   6,  -3,  -4,   0,  -1,1458228045.851
  -2,   1,   2,  -1,   1,   0,  -3,  -3,1458228045.863
  -1,  -1,  -1,   1,  -2,  -1,  -3,  -2,1458228045.873
   1,  -1,   0,  -4,  -1,   0,  -2,   1,1458228045.873
   0,   0,  -3,   2,   1,   0,  -1,   0,1458228045.875
  -2,   1,  -2,  -6,  -2,  -2,  -1,  -2,1458228045.875
  -1,  -1,  -3,   3,  -3,  -2,  -1,  -1,1458228045.888
  -1,  -1,   1,   2,   1,  -1,   0,   1,1458228045.888
   1,  -1,  -2,  -2,  -1,   0,  -2,   0,1458228045.890
  -3,   0,   0,  -1,   0,  -1,   1,  -2,1458228045.890
  -1,  -1,  -1,  -5,  -1,   0,  -2,   0,1458228045.911
  -1,  -1,  -2,   6,   1,  -2,  -2,   4,1458228045.911
  -3,  -2,  -5, -11, -11,  -3,  -2,  -5,1458228045.912
  -2,  -2,   0,   4,   1,   0,   0,  -3,1458228045.912
   0,   2,   1,   4,   4,  -1,  -1,  -1,1458228045.926
   0,  -2,  -5, -18, -11,  -4,  -2,  -2,1458228045.926
  -1,  -1,   0,  -1,   2,  -1,   1,   3,1458228045.927
   0,  -1,   1,   1,  -1,  -1,  -1,   2,1458228045.927
  -1,   0,   0,  -1,   2,   0,  -2,  -3,1458228045.948
  -1,  -1,   0,   5,   2,   0,   0,  -2,1458228045.960
   0,  -1,  -2,  -4,  -1,   2,   1,  -1,1458228045.960
   0,  -1,  -3,   0,  -2,  -2,  -3,  -1,1458228045.960
  -1,  -1,  -1,   0,  -3,   0,  -4,   0,1458228045.962
  -2,  -2,   2,   3,   1,   0,   0,  -3,1458228045.962
  -1,  -1,   0,  -1,  -1,   1,   0,  -1,1458228045.971
  -2,   0,  -1,   1,   0,  -1,   0,  -1,1458228045.971
  -1,  -1,   0,  -2,  -3,  -3,   0,   0,1458228045.985
   0,   0,  -2,  -1,  -1,  -2,  -2,  -1,1458228045.985
  -3,  -1,   1,   9,   3,  -1,  -1,  -1,1458228045.997
   2,  -2,   2,   0,  -1,  -2,  -1,   0,1458228045.998
  -2,  -3,  -7, -16,  -8,  -2,  -4,  -4,1458228046.008
  -1,  -1,   2,   3,   3,   0,   0,  -3,1458228046.008
   0,   0,  -1,  -3,   2,   1,  -1,   1,1458228046.009
   0,   0,  -2,   0,   0,   1,   0,  -2,1458228046.009
   1,   0,   0,  -2,  -6,  -2,   1,  -3,1458228046.022
  -1,  -3,  -2,  -2,  -4,  -1,  -1,  -1,1458228046.022
  -2,  -1,   1,   0,   2,   0,  -1,  -2,1458228046.031
  -1,  -1,  -2,  -2,  -1,  -1,  -1,  -1,1458228046.047
  -3,  -1,  -1,  -1,   2,   4,   1,   0,1458228046.047
   0,   0,  -1,   0,   2,  -5,  -4,   0,1458228046.047
   0,  -1,   0,  -3,  -5,  -3,  -2,  -1,1458228046.047
  -1,   0,  -3,  -3,   0,  -2,   0,  -4,1458228046.047
  -1,  -1,  -1,   1,  -1,  -2,  -1,   0,1458228046.068
  -1,   0,   1,   1,   1,  -1,  -1,   1,1458228046.068
  -3,  -2,  -1,   4,   4,  -3,  -2,   0,1458228046.069
   0,   0,  -3, -17, -10,  -2,   0,  -3,1458228046.070
  -2,  -1,  -4,  -4,   0,  -1,  -2,  -2,1458228046.082
  -1,  -2,  -1,  -5,  -3,   0,  -2,  -1,1458228046.082
   0,  -1,  -1,  -1,  -1,  -2,  -1,   2,1458228046.091
  -1,  -1,  -1,   3,   2,   0,   0,  -3,1458228046.091
   0,  -1,  -3,   2,   1,  -2,   1,  -1,1458228046.113
   0,   0,  -2,  -1,  -1,  -1,  -2,  -1,1458228046.113
  -1,  -2,  -1,  -3,  -1,  -2,  -2,  -3,1458228046.114
  -1,  -1,   0,   4,  -1,  -1,  -2,   1,1458228046.114
   0,  -1,   2,   1,   3,  -1,  -2,  -1,1458228046.128
  -2,  -1,  -2,  -1,  -3,  -1,  -2,  -3,1458228046.139
   1,  -1,  -1,  -3,  -2,   0,   1,  -2,1458228046.139
  -2,  -2,  -3,   0,  -2,  -2,  -1,   0,1458228046.139
  -1,   0,   1,   0,   0,  -3,   0,  -1,1458228046.150
  -3,  -2,   0,   1,   0,   1,  -2,  -1,1458228046.150
  -2,   0,  -1,  -3,  -2,  -1,  -1,   0,1458228046.150
  -2,  -4,  -4,  -5,  -1,   1,  -2,  -1,1458228046.150
   0,  -1,   2,   1,   0,  -1,  -1,  -1,1458228046.165
  -1,  -2,  -3,  -1,  -3,  -2,   0,   0,1458228046.165
   0,   0,  -2,  -3,  -2,   0,  -1,  -2,1458228046.176
   1,  -1,   2,   7,   3,   0,  -3,   3,1458228046.176
  -3,  -1,  -3, -10,  -7,  -5,  -4,  -4,1458228046.188
  -1,   0,  -3,   3,   1,  -3,   0,  -3,1458228046.188
  -1,  -1,   0,  -2,   1,   1,  -1,  -2,1458228046.188
   0,  -1,  -2,   0,  -2,  -3,   1,   0,1458228046.188
  -1,  -1,   0,   2,   2,   2,  -2,   1,1458228046.210
   0,  -2,   1,  -1,  -3,  -4,  -1,  -1,1458228046.210
   1,   0,   0,  -3,  -2,  -2,   1,  -1,1458228046.210
  -1,  -1,   0,   0,   3,  -1,  -3,  -2,1458228046.221
  -3,  -2,  -4,   4,   0,  -1,  -2,  -3,1458228046.225
  -1,  -1,  -1,  -3,  -2,   0,   0,  -1,1458228046.225
  -2,  -2,  -5, -14,  -9,  -1,   0,  -1,1458228046.225
   0,  -1,  -1,  -5,  -1,  -1,  -2,  -3,1458228046.225
   0,   0,   0,   2,  -2,  -3,  -1,   0,1458228046.247
  -1,  -2,  -1,   2,   1,   0,  -2,  -2,1458228046.247
   0,  -1,   3,  10,   4,   0,   1,   0,1458228046.248
  -3,  -4,  -5, -17, -11,   0,   1,   0,1458228046.248
  -1,  -3,  -1,   4,   0,   0,  -2,  -4,1458228046.270
  -1,   0,  -1,   0,   2,   0,  -1,   2,1458228046.270
  -1,  -1,  -1,   0,  -2,  -4,  -2,  -3,1458228046.270
  -2,   0,  -1,   4,   1,   0,   0,  -3,1458228046.271
  -1,  -1,   0,  -1,   0,   0,   0,   2,1458228046.285
   2,  -3,  -3,  -6,  -4,  -2,  -2,   0,1458228046.285
  -3,  -1,  -1,   0,   1,   0,  -2,   0,1458228046.285
  -2,   1,   0,   3,   1,  -2,  -1,  -2,1458228046.285
  -1,   0,   0,  -4,  -4,   0,  -2,  -2,1458228046.307
   0,   0,  -1,  -1,  -5,  -2,   0,  -1,1458228046.318
   0,  -1,  -1,   3,   2,   1,   1,  -2,1458228046.318
  -2,  -3,  -3,  -2,   1,   0,  -1,  -4,1458228046.318
  -1,   0,  -1,  -3,  -1,   0,  -1,  -1,1458228046.330
  -2,  -1,  -2,  -5,   0,  -1,  -1,  -2,1458228046.330
  -1,   1,   0,  -1,  -1,   0,  -2,  -1,1458228046.330
   0,  -1,   0,   8,  -2,  -2,  -1,   0,1458228046.330
   1,  -2,  -2,  -4,  -1,   0,  -3,   0,1458228046.345
  -1,  -1,  -2,   0,   1,   1,   0,  -1,1458228046.345
   0,  -2,  -2,  -6,  -2,  -1,  -1,   0,1458228046.359
   0,  -2,   3,   7,   5,  -1,  -1,  -1,1458228046.359
  -2,   0,   0,  -3,  -4,  -3,   0,  -2,1458228046.367
  -3,  -1,   0,   1,   0,  -1,  -3,  -2,1458228046.367
  -1,   0,   0,   2,   0,  -1,   0,   2,1458228046.368
  -1,   1,   0,  -2,  -2,   0,  -1,  -3,1458228046.368
   0,  -2,  -1,   3,   2,  -2,   1,  -1,1458228046.390
   1,  -1,  -2,  -5,  -2,   1,   2,   1,1458228046.390
  -3,  -1,   2,   1,  -1,   0,  -1,  -1,1458228046.390
  -2,  -1,   0,  -1,  -1,   0,  -1,   0,1458228046.401
   0,   0,  -1,  -2,  -2,   1,   1,   1,1458228046.405
   1,  -1,  -1,  -1,  -2,   0,   0,  -3,1458228046.405
   0,  -2,  -4,  -3,  -1,  -6,  -2,  -1,1458228046.405
  -1,  -1,  -2,   0,  -1,  -2,  -2,  -1,1458228046.405
  -2,  -1,  -2,   0,  -2,   1,  -2,   0,1458228046.427
  -1,   0,   0,  -2,  -2,  -3,   0,   0,1458228046.427
  -1,  -1,   0,   3,   3,   2,  -2,  -2,1458228046.428
   0,   0,  -1,  -5,  -2,  -2,  -2,   0,1458228046.428
  -3,  -3,   0,   0,   2,   0,  -1,  -1,1458228046.450
  -2,  -2,   0,   2,   1,   0,  -1,   0,1458228046.450
   0,  -1,  -2,  -1,  -2,   0,   1,  -2,1458228046.450
   0,  -2,  -3,  -6,  -3,  -1,  -1,  -1,1458228046.450
   2,  -1,  -2,  -1,   0,  -3,   0,   1,1458228046.466
   0,   1,   2,   0,  -1,  -1,  -2,  -2,1458228046.466
  -2,  -1,   0,   0,   0,   0,  -3,   1,1458228046.467
  -2,   0,  -2,  -1,   0,  -2,  -1,  -5,1458228046.467
  -1,   1,  -1,  -3,   1,  -2,  -2,  -1,1458228046.487
  -2,  -1,  -2,   0,  -4,  -3,  -1,   0,1458228046.501
  -1,  -1,  -1,  -6,  -2,  -1,  -1,  -1,1458228046.501
   0,  -3,   0,  -3,   0,  -2,  -1,   0,1458228046.501
   0,  -2,   0,  -2,  -1,  -1,  -1,  -2,1458228046.510
  -2,  -2,  -3,  -1,   1,  -1,  -1,  -1,1458228046.510
  -1,  -2,  -5,   1,  -3,  -3,  -2,  -1,1458228046.510
  -1,   0,  -2,  -3,  -3,  -3,  -2,   0,1458228046.510
  -1,  -2,  -2,  -1,  -3,  -2,  -1,  -2,1458228046.525
  -1,  -2,  -1,   3,   4,   1,  -1,  -3,1458228046.525
   0,   0,   2,  -1,  -2,   1,   1,  -2,1458228046.535
  -1,  -1,  -5,   8,  -2,  -5,  -3,  -1,1458228046.535
  -2,   1,  -2,   0,   2,   0,  -3,  -1,1458228046.547
  -2,  -1,  -4, -13,  -5,  -3,  -2,  -2,1458228046.547
  -2,   0,   0,   2,   1,   2,   0,  -2,1458228046.548
  -1,  -1,   1,  -6,  -1,   0,   0,   0,1458228046.548
  -2,  -3,  -2,   7,   2,   1,  -1,  -2,1458228046.570
   0,   0,   0,   3,  -2,  -3,  -2,   2,1458228046.570
   0,  -1,  -2,  -1,   0,   2,   0,  -6,1458228046.571
  -1,  -1,   1,  -5,   1,  -2,  -1,  -1,1458228046.584
   0,   0,  -1,  -1,  -3,  -1,  -2,  -1,1458228046.585
  -2,  -3,   0,  -1,   0,  -2,   0,   0,1458228046.585
  -1,  -3,  -2,  -3,  -2,  -2,  -3,   1,1458228046.586
   0,  -1,  -2,   2,  -1,   2,  -1,   0,1458228046.586
   0,   0,  -1,  -3,  -3,   0,   1,   1,1458228046.607
   0,   0,  -1,   0,  -4,   0,  -1,   0,1458228046.607
  -1,   0,   0,  -1,  -2,  -2,  -3,   0,1458228046.608
  -1,  -2,   0,  -3,  -1,  -1,   0,  -2,1458228046.608
   0,  -2,  -1,  -4,  -1,  -1,  -2,  -1,1458228046.630
   0,   0,   1,   5,   1,   0,  -1,   0,1458228046.630
  -3,  -3,  -6, -21,  -8,  -2,   0,  -2,1458228046.631
   1,   1,   1,   4,   0,   1,  -1,  -1,1458228046.631
  -1,  -1,  -1,  -1,   0,  -6,  -1,  -1,1458228046.645
   1,  -1,  -1,  -1,  -2,   0,  -1,   0,1458228046.645
  -1,  -1,   0,   3,   1,   0,  -3,  -1,1458228046.646
   0,  -1,   0,  -2,  -1,   1,  -1,   0,1458228046.646
  -1,  -1,   1,   2,   1,   4,  -2,  -2,1458228046.667
  -3,  -3,  -2,  -2,  -3,  -1,   0,  -2,1458228046.680
   0,   0,  -1,   3,   1,  -3,  -1,   2,1458228046.680
  -1,   1,  -1,  -1,  -2,  -1,  -1,  -2,1458228046.680
  -1,   1,   0,   2,   0,   2,   0,   0,1458228046.690
  -1,  -1,  -2,  -4,   0,  -1,  -3,  -1,1458228046.690
  -1,  -3,  -1,   3,  -4,  -2,  -4,  -1,1458228046.691
  -1,  -1,  -2,   0,   1,  -1,   1,   0,1458228046.691
   0,  -1,   0,  -2,  -4,  -3,  -1,  -1,1458228046.705
   0,   0,  -1,  -4,  -2,  -1,  -1,  -2,1458228046.705
   0,   0,   0,   0,   0,  -2,   0,  -1,1458228046.717
  -2,  -2,  -1,   0,  -1,   1,  -1,  -1,1458228046.717
  -1,  -1,  -1,   0,   0,   1,   1,   1,1458228046.727
  -2,  -1,  -1,   6,   3,   1,   0,  -3,1458228046.727
   0,  -1,  -3,  -6,  -1,  -4,  -1,  -2,1458228046.728
  -1,  -2,  -2,   1,  -3,  -3,  -1,  -1,1458228046.728
  -1,  -1,  -2,  -2,  -2,  -2,  -1,  -3,1458228046.751
  -2,   1,   0,  -1,  -1,  -2,  -1,  -2,1458228046.751
   1,   0,   2,   2,   1,   0,   0,  -2,1458228046.751
   0,  -3,  -3,   3,   0,  -1,   0,  -2,1458228046.764
   1,  -2,  -1,  -5,  -2,  -3,   0,   1,1458228046.765
   0,  -1,  -2,   2,   1,   0,   0,  -4,1458228046.765
  -2,  -2,  -4, -12,  -6,  -2,   0,  -1,1458228046.765
   1,  -1,   0,  -5,   0,   1,  -3,  -1,1458228046.765
  -3,  -3,  -1,   1,   1,  -1,  -1,   0,1458228046.795
  -1,  -2,   1,   0,   1,  -2,  -2,   2,1458228046.795
  -3,  -3,  -1,   5,  -4,  -1,   0,   0,1458228046.796
  -1,  -1,  -2,  -5,   1,   1,   0,   0,1458228046.796
  -1,  -2,  -1,  -3,  -2,  -1,  -1,  -1,1458228046.811
   0,  -2,   0,  -4,  -3,  -1,  -1,   0,1458228046.811
   0,  -2,   1,   3,   1,   0,   1,  -1,1458228046.811
   0,  -1,  -3,  -1,  -1,  -3,  -1,   1,1458228046.811
   1,   1,  -2,   1,   0,  -1,   1,   0,1458228046.824
  -2,   1,  -2,  -4,  -3,   1,  -1,  -4,1458228046.824
  -1,   0,   0,   2,   1,   0,   0,   0,1458228046.832
  -1,  -2,  -1,   8,   0,  -3,  -2,  -2,1458228046.832
  -1,  -2,   0,  -4,  -1,  -3,  -1,  -3,1458228046.847
  -1,  -1,   0,   0,  -4,  -2,  -2,   1,1458228046.859
   0,  -1,  -2,  -3,   0,  -2,  -1,  -1,1458228046.859
  -3,  -3,   1,  -3,   2,   1,  -1,   0,1458228046.859
  -1,   0,   1,   1,  -1,   0,   0,   0,1458228046.871
  -1,   0,  -4,   4,   0,  -1,   0,  -1,1458228046.871
  -2,  -1,   0,  -2,   0,   0,  -1,  -3,1458228046.871
   1,   1,  -1,  -5,  -2,   0,   0,   3,1458228046.871
  -2,  -3,  -3,  -1,  -5,  -2,  -3,  -4,1458228046.884
   0,   0,   0,  -4,   0,  -3,   1,   0,1458228046.884
  -1,  -1,  -2,   6,   3,  -1,   0,   0,1458228046.894
   0,  -2,  -4, -20, -11,  -2,  -3,  -2,1458228046.894
  -1,   1,   1,   3,   4,  -1,  -2,   0,1458228046.906
  -2,  -3,  -2,  -1,   0,   0,  -1,  -1,1458228046.906
  -1,   0,   0,   3,  -1,  -2,  -2,  -1,1458228046.908
  -2,   1,  -1,   4,   1,   1,   1,  -2,1458228046.908
   0,  -1,  -2,  -7,  -3,  -3,  -2,   1,1458228046.931
  -1,  -2,  -2,  -1,   0,  -1,  -2,   0,1458228046.931
   0,  -2,   0,  -6,   2,   0,  -1,  -1,1458228046.931
  -1,  -1,   1,   2,   2,  -4,   0,  -3,1458228046.941
  -1,  -2,  -4,  -4,  -3,   1,   0,  -2,1458228046.944
   0,  -2,  -2,   2,   1,  -4,  -1,   1,1458228046.944
  -1,  -2,  -2,  -1,  -2,   0,  -3,   0,1458228046.952
  -1,   0,  -1,   2,  -4,  -3,  -3,   0,1458228046.952
  -2,   0,  -2,  -2,  -1,  -1,  -2,  -1,1458228046.966
  -1,   1,  -1,  -2,  -3,  -1,  -1,   0,1458228046.966
  -2,   1,   1,   8,   1,  -1,   0,  -1,1458228046.968
  -3,  -4,  -5, -19,  -9,  -4,  -1,  -2,1458228046.968
   1,  -1,   2,   8,   3,   0,  -1,  -1,1458228046.990
   0,   0,  -2,  -4,  -2,  -1,  -2,  -1,1458228046.990
   0,  -1,  -1,   2,  -2,   0,   1,   0,1458228046.991
  -2,  -2,  -1,   4,   1,   1,  -1,  -2,1458228046.991
   0,  -1,  -1,  -4,  -2,  -2,  -1,  -1,1458228047.004
  -1,  -2,  -1,  -5,  -3,   0,  -1,  -2,1458228047.004
  -1,  -3,  -4,  -5,  -3,  -1,   0,  -2,1458228047.012
   0,   0,   1,   6,   2,  -2,   0,   0,1458228047.012
  -2,  -1,  -3,  -8,  -3,  -4,  -2,  -1,1458228047.027
   0,   0,  -1,   0,  -1,  -1,  -1,  -1,1458228047.039
  -1,   0,  -2,  -3,  -3,  -3,  -2,  -2,1458228047.039
  -1,  -1,  -3,   1,  -1,  -1,   1,   2,1458228047.039
  -1,  -2,  -1,   3,   3,   0,  -1,  -4,1458228047.050
   0,  -1,   1,  -2,   0,  -1,  -1,  -2,1458228047.050
  -1,   1,  -1,  -3,  -1,  -1,   0,  -1,1458228047.051
   0,   0,  -4,   5,   3,  -1,  -2,  -1,1458228047.051
  -3,  -1,  -2,  -6,  -2,  -1,   1,   0,1458228047.064
  -2,  -3,  -3,  -9,  -6,  -2,   0,  -1,1458228047.064
   0,  -2,  -1,   0,   0,   0,   1,   0,1458228047.079
   0,   1,   2,   2,  -1,  -1,   1,  -2,1458228047.079
   0,   2,   2,   8,   2,   0,  -1,   0,1458228047.087
  -1,  -2,  -2,  -1,   2,   2,   1,  -1,1458228047.087
   0,  -1,   0,  -4,  -3,  -3,  -3,  -3,1458228047.088
   0,   1,  -1,  -3,   0,  -2,  -4,  -3,1458228047.088
  -1,  -1,  -2,  -4,  -4,  -3,   0,  -1,1458228047.110
  -1,  -1,  -1,   3,   1,  -1,   0,   1,1458228047.110
  -3,  -1,  -1,   0,   0,   0,  -1,   0,1458228047.111
  -1,  -2,   0,  -3,  -1,   2,  -1,  -2,1458228047.122
   0,  -2,  -1,  -4,   0,   0,  -2,  -2,1458228047.124
  -2,  -1,   0,   3,   0,  -1,  -3,  -1,1458228047.124
  -1,   0,  -2,  -3,  -2,  -1,   0,  -1,1458228047.132
  -1,  -3,  -2,   3,  -1,  -3,   0,  -1,1458228047.132
  -1,  -1,  -1,  -2,  -1,   1,  -1,   0,1458228047.146
  -1,   0,  -2,  -4,  -3,  -1,  -1,   0,1458228047.146
  -1,  -1,  -1,  -1,   0,  -1,  -2,  -4,1458228047.148
  -1,  -2,   0,   2,   1,   3,   0,  -1,1458228047.148
  -1,  -2,  -2,  -5,  -3,  -1,   0,   2,1458228047.170
  -1,  -1,   0,   5,   5,  -2,  -3,  -3,1458228047.170
   0,  -2,  -1,  -1,  -2,   0,  -2,   0,1458228047.171
  -2,   0,   0,   5,   1,  -3,   1,  -2,1458228047.171
   0,  -1,  -2,  -8,  -5,   1,  -1,  -1,1458228047.200
   1,   1,  -2,  -1,  -3,   0,  -1,   0,1458228047.200
   0,   0,   1,   2,   2,   0,  -1,  -1,1458228047.201
  -1,  -1,  -2,  -1,   1,  -1,   0,  -2,1458228047.201
  -2,   0,  -1,   1,   0,  -1,  -2,  -3,1458228047.206
   0,  -1,   0,  -1,  -2,  -2,  -2,   0,1458228047.219
   0,   0,  -2,  -3,  -1,   0,   1,   1,1458228047.219
   0,  -2,   1,   0,   0,  -1,   0,   0,1458228047.219
  -1,  -2,   0,   2,  -1,  -3,  -2,  -2,1458228047.230
   0,  -3,  -3,  -4,  -4,  -2,   0,   0,1458228047.230
  -1,   0,   0,   0,   1,  -1,  -2,  -1,1458228047.231
  -2,  -1,  -1,  -7,  -3,  -1,  -1,  -1,1458228047.231
   0,  -1,   1,   0,  -2,   0,  -1,  -2,1458228047.253
  -1,   1,   0,  -3,   1,   2,   0,  -1,1458228047.253
  -3,  -1,  -2,  -1,  -4,  -4,  -1,  -1,1458228047.265
  -2,  -1,  -4,  -6,  -2,  -2,  -4,   0,1458228047.265
  -1,   0,   1,   7,   2,  -1,  -2,   0,1458228047.267
  -1,  -1,  -3, -10,  -6,  -1,   0,  -3,1458228047.267
  -1,  -1,   0,   3,   0,  -2,  -2,  -4,1458228047.268
   0,  -3,  -2,   0,  -1,   1,  -2,  -3,1458228047.268
  -2,  -2,  -1,   2,  -2,   0,  -1,  -1,1458228047.298
  -2,   0,   0,   5,   2,  -2,  -1,   0,1458228047.298
   0,   0,  -2,  -4,  -3,   1,  -3,  -1,1458228047.299
  -1,   1,  -1,   1,   2,  -1,  -1,  -1,1458228047.309
  -1,  -1,  -2,  -1,   0,  -2,   2,   0,1458228047.313
  -1,  -3,   0,   0,  -5,   0,  -1,  -2,1458228047.313
  -2,   0,  -2,  -3,  -2,  -2,  -1,  -1,1458228047.313
  -1,   0,   1,   1,   0,  -1,  -2,   0,1458228047.314
  -2,  -2,  -2,  -1,   0,  -2,  -3,  -1,1458228047.326
  -3,  -1,   2,   4,   4,   0,   0,  -1,1458228047.326
  -1,  -1,   0,  -4,  -2,  -1,  -1,   0,1458228047.328
   0,   0,  -3,  -4,  -2,  -2,  -1,   1,1458228047.328
   1,   0,  -2,  -3,  -1,  -1,  -1,  -1,1458228047.350
  -1,  -2,  -1,  -1,   1,  -1,  -1,  -1,1458228047.350
   0,  -1,   2,   8,   4,   1,  -1,  -1,1458228047.351
   0,  -2,  -3,  -1,  -2,  -3,   1,  -1,1458228047.351
  -3,  -1,   0,  -3,  -3,   2,  -1,   3,1458228047.373
   0,  -1,   0,   3,   1,  -2,  -2,  -3,1458228047.373
  -2,  -1,  -4,  -4,  -2,   0,   1,  -2,1458228047.374
  -1,  -2,   2,  -2,  -3,  -1,  -2,  -2,1458228047.374
   0,  -1,   0,   6,   1,  -3,  -1,  -2,1458228047.386
  -1,  -1,  -4, -18,  -8,  -4,  -2,  -1,1458228047.401
  -1,  -2,  -2,   0,  -2,  -2,  -1,  -1,1458228047.401
  -2,   0,   0,  -5,   0,   0,   0,  -1,1458228047.401
   1,   0,  -1,  -1,  -2,  -1,  -1,  -2,1458228047.410
   0,   0,  -2,   0,   1,  -2,  -1,   0,1458228047.410
   0,   0,  -2,  -4,  -3,  -1,  -1,  -1,1458228047.411
  -2,  -1,  -1,   0,  -2,   0,  -2,  -3,1458228047.411
  -1,   1,   1,  -2,  -3,  -1,  -1,  -1,1458228047.433
  -3,  -1,   2,   4,  -3,  -1,  -2,  -2,1458228047.433
  -2,  -3,  -3,  -5,  -1,  -1,   1,   0,1458228047.446
  -1,   1,  -1,   0,  -2,  -1,  -1,  -1,1458228047.446
  -2,  -3,  -3,  -1,  -3,  -4,  -3,  -2,1458228047.447
   0,  -1,  -2,   1,  -1,   0,   1,  -1,1458228047.447
   0,  -1,   0,  -1,  -3,  -1,  -1,   0,1458228047.448
   0,  -1,  -1,  -3,  -1,  -3,  -2,   0,1458228047.448
  -1,  -3,  -2,  -1,  -1,   0,  -1,  -3,1458228047.470
  -1,   0,   0,   1,  -1,  -2,   0,   0,1458228047.470
   0,  -1,  -2,   0,   1,  -2,  -1,   0,1458228047.471
   1,  -1,   0,   3,   0,   0,   0,  -2,1458228047.485
   0,  -2,  -5, -15,  -7,  -3,  -2,  -2,1458228047.493
   0,  -2,  -1,  -1,   1,  -1,   1,   0,1458228047.493
  -1,   1,   0,  -1,   1,  -1,   0,  -2,1458228047.494
  -1,  -1,   0,   4,   0,   0,  -1,  -1,1458228047.494
  -2,  -2,  -2,  -5,   0,  -3,   1,  -1,1458228047.507
   1,  -2,   0,  -1,  -4,   0,  -1,   1,1458228047.507
  -3,  -2,  -1,   0,  -2,  -4,  -1,  -5,1458228047.508
  -2,  -2,  -3,  -2,  -1,   0,   0,   0,1458228047.508
   0,  -1,   1,   0,   1,   0,  -1,  -2,1458228047.531
  -2,   0,   0,   1,   1,  -1,  -3,  -3,1458228047.531
   0,  -1,  -1,  -1,  -1,  -2,  -1,   2,1458228047.531
  -1,  -1,  -2,  -2,  -1,   1,   0,   0,1458228047.531
  -1,  -3,  -1,  -1,  -1,   0,  -1,  -1,1458228047.553
   0,  -1,  -2,   4,   2,  -1,  -1,  -3,1458228047.553
  -1,  -2,  -1,   0,  -2,  -1,  -1,  -1,1458228047.554
  -2,   0,  -3,  -7,  -7,  -3,   1,   0,1458228047.554
  -1,   2,   0,   3,   2,  -1,   0,  -1,1458228047.567
  -1,  -3,   0,   1,  -2,   9,   0,  -1,1458228047.584
   0,  -2,  -1,   1,   1,  -3,  -1,  -1,1458228047.584
  -1,  -2,  -2,  -3,  -5,  -3,   0,  -2,1458228047.584
  -1,  -1,  -1,   0,   0,   4,   1,   0,1458228047.591
  -2,  -2,   0,   1,   1,  -1,  -1,  -2,1458228047.591
  -1,  -3,  -3,  -4,  -4,   1,  -2,  -1,1458228047.591
  -1,   0,   0,  -1,   0,   0,  -1,  -2,1458228047.591
  -1,  -1,  -1,   2,   4,  -1,  -1,  -2,1458228047.613
   1,   0,  -1,  -1,  -4,  -6,  -3,   0,1458228047.613
  -1,  -1,  -1,  -3,  -2,   1,  -1,   0,1458228047.623
   0,  -3,   0,  -4,  -5,  -9,  -2,  -1,1458228047.623
   0,  -1,   0,   0,   3,   9,  -1,   0,1458228047.627
  -3,  -1,  -4,   0,  -2,  -3,  -1,  -1,1458228047.627
  -2,   1,   1,   1,  -1,  -1,  -3,  -2,1458228047.628
   0,  -4,  -7,   0,  -2,   0,  -2,   0,1458228047.628
  -2,  -1,  -3,  -2,  -4,  -4,  -2,  -3,1458228047.651
  -1,  -2,  -2,  -2,   6,   8,   1,  -2,1458228047.651
  -1,  -1,   0,  -4, -10,   2,  -2,  -2,1458228047.651
   0,  -1,   0,   1,   6, -18,  -2,  -1,1458228047.661
   0,  -2,  -1,   1,  -3,  -2,   1,   1,1458228047.673
  -1,   0,  -2,  -1,  -4,  -9,   0,  -1,1458228047.673
   0,   0,   0,   2,   3,   4,   1,  -1,1458228047.674
   0,  -1,  -1,  -2,   1,  14,  -1,   1,1458228047.674
  -2,  -1,  -1,  -2,  -4, -16,   0,  -2,1458228047.688
  -1,  -1,   0,  -2,  -1,   5,  -2,   0,1458228047.688
  -2,  -2,  -3,  -1,  -1, -13,  -3,  -1,1458228047.688
  -2,  -3,  -2,  -2,   0,  -3,  -3,  -2,1458228047.688
   0,   1,  -1,   0,  -5,  -1,  -2,   0,1458228047.711
  -2,   1,   4,  -2,   2,  -6,  -3,  -1,1458228047.711
   1,  -1,  -2,  -1,   2,  26,   1,   0,1458228047.712
  -1,   0,   0,  -2,  -5,  -5,  -5,  -2,1458228047.712
  -1,  -1,  -1,  -1,   6,  -5,  -2,   1,1458228047.733
  -1,  -3,   1,  -3,  -9,  -6,   1,   0,1458228047.733
  -1,  -1,  -2,  -2,   3, -37,  -2,   0,1458228047.734
  -1,   1,   1,   0,   3,  27,   5,   0,1458228047.734
  -1,  -1,  -2,  -2, -10, -21,  -5,  -3,1458228047.747
   0,  -2,  -3,  -1,   5,  13,   2,  -1,1458228047.761
  -1,  -1,   1,   1,  -3,   3,   3,   0,1458228047.761
   0,  -1,  -1,   0,  -3,  -6,  -1,  -1,1458228047.761
  13,   2,  -2,  -3,   5,   7,   0,  -1,1458228047.771
 -44,   0,  -3,  -2,  -5,  -1,  -2,  -2,1458228047.771
  -9,  -7,  -4,  -3,  -3,   0,  -2, -20,1458228047.771
   3,   1,   0,  -1,  -1, -11,   0,   3,1458228047.771
  12,  -1,  -1,  -1,  -2,   5,   1,   0,1458228047.793
   4,  -2,  -1,   3,   6,  12,   2,   4,1458228047.793
   1,  -2,  -4,  -5,  -8, -11,   0,   4,1458228047.806
 -10,  -1,  -1,  -2,  -4,   2,  -5,  -3,1458228047.806
   7,  -1,  -2,   0,   2, -40,  -4,  -4,1458228047.807
   8,   4,   0,  -2,  -3,  53,   3,  -6,1458228047.807
  44, -10,  -8,  -4,  -7, -27,  -3,   8,1458228047.815
 -66,  -5,   0,   5,  22,  12,  -1,  -5,1458228047.815
   5,  -1,  -2,  -5, -15,   9,   3,  -1,1458228047.830
   0,  -1,  -1,   1,   1, -32,  -6,  -3,1458228047.830
  12,   6,   3,   0,  -1,   7,  -1,   3,1458228047.854
   7,  -2,  -3,  -6,  -5,  -1,  -3,  -5,1458228047.866
 -17,  -4,  -1,   2,  10,  16,   3,  -1,1458228047.866
   5,  -3,   0,   3,   3,   7,   4,   0,1458228047.866
  18,   2,   0,  -1,   5,   0, -14,  -2,1458228047.866
 -13,   2,   2,   0, -13,   9,   7,   4,1458228047.866
 -16,  -1,  -1,  -1,  -1, -19,  -6,  -3,1458228047.866
  17,  -1,  -2,  -2,  -3,   2,   1,  -5,1458228047.867
   5,   2,  -1,  -2, -10, -31,  -1,   5,1458228047.876
 -14,   0,  -3,  -4,  -4,  53,   5, -11,1458228047.876
  52,   1,  -1,   3,   8,   8,  -2,  16,1458228047.890
 -46,  -4,  -2,  -1, -10,  -9,  -4,   1,1458228047.890
 -11,   0,   1,   2,  29,   5,   0,  -6,1458228047.892
  34,   1,  -2,  -4, -15, -14,  -9,   5,1458228047.892
 -20,  -1,  -2,   1, -19,  30,  18,  -6,1458228047.913
  70,   3,   0,   3,  12,  15,  -3,   0,1458228047.913
 -75,  -6,   0,  -2,   7,  20,   2,  -2,1458228047.914
  32,   1,   1,   2,  16,  30,  -1,  -3,1458228047.914
 -43,  -5,  -3,  -3,  -4, -64,  -5, -19,1458228047.927
  17,  -1,   0,   0, -23,   7,  -1,   7,1458228047.937
 -11,  -1,  -4,  -6,  14,   7,   9,  -2,1458228047.937
  22,   2,  -1,   0,  -5, -12,   3,  -7,1458228047.937
  -9,  -2,   0,   1, -17,   1,  -5,  -9,1458228047.950
 -10,  -2,  -3,  -6, -13, -70, -11,  -3,1458228047.950
   4,   1,   2,   5,  31,  77,   8,  -1,1458228047.952
  -5,  -4,  -1,   1, -18, -84,  -5,   5,1458228047.952
 -11,  -1,  -2,  -4,  -1, 127,  -2,  14,1458228047.973
  -5,  -2,  -4,  -3, -17, -88,   2,  -2,1458228047.973
   6,   1,  -2,  -4, -22, -33, -11,   5,1458228047.982
  10,  -1,   0,   3,  13,  28,   6,   3,1458228047.982
 -12,  -6,  -7,  -2,  32, -10,   1,  -4,1458228047.987
  21,  -1,  -1,   1,  -5,  14,  -1,  -6,1458228047.987
 -39,  -3,   0,   2,   2,  48,   1,   1,1458228047.995
  -1,  -2,  -4,  -8,  11,  13, -23,  -7,1458228047.995
  14,   1,  -2,  -8, -58, -95,  -7,  -1,1458228048.010
 -14,  -1,   0,   1,  42,  40,   6,   6,1458228048.010
  13,   0,  -3,  -1,  24,  42,  12,  -2,1458228048.012
  13,   4,   5,   7,  12, -42,  14,   6,1458228048.023
 -16,  -6,  -7,  -8,  -3,   4, -16, -13,1458228048.033
 -27,  -2,  -3,   1,  17,   0,   4,   9,1458228048.033
  43,   2,   2,  -2, -33,   9, -10,  -1,1458228048.034
 -42,  -8,  -5,  -4,  -3,  -3,  19, -12,1458228048.034
  12,   2,   2,   1,  -5, -20, -29, -14,1458228048.055
  -6,   0,   1,   0, -10,   6,   0,  20,1458228048.055
  23,   0,   0,   3,  -4, -25,  -3, -26,1458228048.056
   1,  -4,  -5,  -4, -11, -10,  -5,  44,1458228048.056
   2,   1,   2,   4,  18,   1,  13,   2,1458228048.070
  10,   1,   1,  -1,   0,  -8,  -4, -11,1458228048.070
 -15,  -5, -10, -12, -60, -23,  -1,   5,1458228048.077
   7,  -1,  -4,  -2,  26,  -5,  -1,  -7,1458228048.077
 -11,  -1,   3,   4,  -1,  21,  -9,   1,1458228048.093
   9,   1,   4,   2,  31,  25,  38,   6,1458228048.093
  -2,  -1,  -3,  -5, -50, -38, -48,   1,1458228048.094
 -14,  -5,  -9, -20, -29,   4,  20, -15,1458228048.094
  17,  -1,  -4,   0,  33,   9, -52,   3,1458228048.117
 -14,  -4,  -1,  -2, -15, -21,  -7, -14,1458228048.132
  -6,   4,  11,  18,  71,  21,   7,   7,1458228048.132
  12,   2,   2,  11, -36,  -7, -10,  -3,1458228048.132
  -4,  -3,  -7, -22,   2, -10,  12,   5,1458228048.132
  -2,  -2,  -5,  -9, -13,  -1,   3,  -1,1458228048.132
  -9,   0,   3,   4,  31,  -4,   2,  -2,1458228048.136
  10,   2,   8,  33,  21, -10,  -8,   3,1458228048.137
  -4,  -4,  -5, -20, -40,   5,  25,   4,1458228048.153
  -8,  -3,  -5, -13,  -8,  -6,  -6, -24,1458228048.153
   2,  -1,   0,   4,   2, -14,   4,   2,1458228048.164
  -3,   0,  -1, -10,  44,  11,  -3,  -7,1458228048.164
  -1,   1,   3,  22, -26,  -7,   9,   3,1458228048.175
  -1,   0,   1,  -2, -44, -10,  -4,   3,1458228048.175
  -3,   0,   4,   5,  24,   4,  12,   4,1458228048.177
   0,  -2,  -8, -20, -18,  -4,  -7,  -3,1458228048.177
  -2,   0,   1,   9,  33,   6,  13,   3,1458228048.190
   3,  -2,  -5,  -1,   4,  12, -11,   2,1458228048.190
   0,  -3,  -5,  -5, -21,  -9,  18,   2,1458228048.196
  -6,   4,   6,   5,   3,  -1, -24, -14,1458228048.212
   4,   1,   1,   0,  11,  -6, -17,  -6,1458228048.213
  -1,  -3,  -7, -11,  -3,  14,   1,   2,1458228048.213
  -2,  -1,   0,  -2, -12,  -9,  -2,  -2,1458228048.214
   3,  -3,  -2,   6,  27,  37,  16,   6,1458228048.214
   2,   3,   2,   1, -39, -39,  11,   6,1458228048.235
  -4,   0,   3,   2,   2, -11, -12,  -9,1458228048.235
  -3,  -2,  -7, -10, -24,  40,   1,  -2,1458228048.237
   3,  -3,  -8, -23,   0,  17,   8,   4,1458228048.237
   1,   3,  12,  31,  41,  25,   8,  -2,1458228048.251
  -3,  -8, -22,  24,  -5, -19, -10,   1,1458228048.251
   0,   6,  22, -44, -17, -20,   3,   0,1458228048.257
   1,  -7, -20, -26, -25, -13,   1,   6,1458228048.257
  -3,   6,  27,  11,   8,   5,  -1,  -6,1458228048.274
  -1,   4,   5,  -2,  14,  16,   2,   1,1458228048.274
  -2,  -4, -13,  10,  24,  -6,  -4,  -5,1458228048.276
  -1,  -2,  -1,   0, -27, -13,  -8,  -5,1458228048.276
  -4,  -4,  -8, -10,   6,  -4,   1,  -2,1458228048.295
  -2,  -5,  -3,   2,   6,   9,  -3,   0,1458228048.306
  -1,  -1,  -3,   8, -12, -18,  -2,  -4,1458228048.306
  -1,  -1,   3,   2,   2,  -6,  -1,  -2,1458228048.306
   1,  -4, -13,   0,  -5,   0,   3,   2,1458228048.310
  -1,   0,   3,  -2,   5,  -6,  -5,   0,1458228048.310
   0,   0,  -3,  -3,  -5,   0,   9,  -6,1458228048.316
  -2,   0,   6,  13,  -7, -20, -18,  -2,1458228048.316
   4,  -2,  -5,  -6,  10,   5,  -4,  -3,1458228048.333
   1,   0,  -1, -10,   2,   0,  -2,   1,1458228048.333
  -5,  -4,  -3,   3,   6,  -8,   1,   0,1458228048.345
   1,   1,  -1,   9,  14,  37,   5,   0,1458228048.345
  -2,   0,   1,  -3, -16, -16,  10,   0,1458228048.355
   0,   2,   4,  -6,  10,  11,   0,   1,1458228048.355
  -2,  -3,  -8,   6,  13, -18, -12,  -4,1458228048.357
  -1,  -1,  -1, -13, -38,  18,   3,  -2,1458228048.357
  -2,  -3,  -4,   1,  -2,  22,   8,   8,1458228048.370
  -3,  -1,   1,  -5,  27,  22,  -6,  -5,1458228048.370
  -4,  -3,  -9, -24, -93, -72, -19,  -8,1458228048.376
  -2,   1,   2,   3,  26,   2,  -4,  -4,1458228048.388
  -1,  -2,  -5,   0,  28,  -3,  -1,   2,1458228048.393
   2,   1,   1,   4,  -3,  35,   1,  -1,1458228048.393
  -2,   4,  20,   2, -49, -56,  -4,  -1,1458228048.394
  -2,  -5, -16,   0,  17,  -6,  -4,  -3,1458228048.394
  -1,   6,  16,   0,  -3,   4,   1,  -8,1458228048.415
  -5,   4,  20,  20,  27,   0,   1,  -4,1458228048.415
   3,  -3, -11,   7,   9,  20,   4,   2,1458228048.416
  -3,  -4,  -5, -11, -36, -26,   1,   2,1458228048.416
   0,  -3,  -7,   0,  12,   7,  -1,  -2,1458228048.429
  -2,  -3,  -9, -10, -12,  -1,  -2,  -3,1458228048.429
   1,   1,   7,  10,  11,  -5,   0,   4,1458228048.438
   2,   4,   9,   7,  10,  -1,   0,  -2,1458228048.438
  -4,  -6, -18,   1, -15, -12,  -3,  -4,1458228048.453
  -3,   2,   3,  -3, -14,  -3,  -4,  -4,1458228048.453
  -2,  -4,  -8,  -8,   2,  17,  -2,   2,1458228048.454
   1,  -1,   1,  10,  14,  -4,   3,   0,1458228048.454
  -2,  -3,  -1,  -8, -14,  -5,  -7,  -6,1458228048.475
  -1,  -2,  -4,   2,  -1,  -6,   2,   3,1458228048.487
  -1,  -2,  -4,  -1,   9,  14,   3,  -1,1458228048.487
   0,   1,   8,   9,  -8, -20,  -8,  -4,1458228048.487
  -5,  -4, -10,  -7, -16,  -2,   1,   0,1458228048.489
   1,  -3,  -9, -20, -23,  -9,  -4,   0,1458228048.489
   0,   1,   8,  10,  35,   9,  23,   0,1458228048.498
  -1,  -3, -12,   2, -10,   2, -17,  11,1458228048.498
   2,   5,  15,  -7,   8,   9,   5,  -7,1458228048.520
  -4,   2,   8,  30,  12,   5,   2,   0,1458228048.521
  -2,  -1,  -5, -24,  15,   6,  -5,  -8,1458228048.535
  -1,   0,   1,   8,  -1,   2,   2,   1,1458228048.536
  -1,  -3,  -9,  -2, -52, -34,  -2,   5,1458228048.536
   0,  -5,  -6,  -3,   3,  -5,   2,  -3,1458228048.536
   3,  -1,  -3,  23,  20,  11,   9,  14,1458228048.537
  -2,   0,   3,  -5,  37,  24,   6, -13,1458228048.537
  -3,  -5,  -4, -10, -37, -29, -16,  -1,1458228048.549
   3,   3,   6,  -3,  12,  40,  15,   5,1458228048.549
  -3,  -4,  -8,  -2,   5,   3, -23,  -2,1458228048.558
   0,  -2,  -3,  -5, -13,  17,  21,  -1,1458228048.570
   0,   0,  -1,  -6,  10,  24,  -8,   0,1458228048.573
   0,  -3,  -5,   0, -15, -56, -14,  -3,1458228048.573
  -1,  -1,  -1,   4,   9,  13,   9,   0,1458228048.574
  -1,  -3,   0,  -2,  -7,  -2,  -6,  -3,1458228048.575
   6,   2,   7,   6,  30,  13,   6,   1,1458228048.595
 -17,  -2,  -5,  -8, -33, -18,  -7,  -2,1458228048.595
   3,  -5,  -7,  -3,   7,  12,   0,  -3,1458228048.597
  15,   2,  -1, -13, -10, -23,  -2,  -1,1458228048.597
 -18,  -5,   0,   6,  12,   5,  -4,  -1,1458228048.609
   9,   1,  -4,  -7,   8,  -1,   7,   1,1458228048.609
  -4,   3,   5,  -4, -17,  -9,  -9,  -4,1458228048.618
  -2,  -4,  -1,  13, -15, -18,  -3,  -2,1458228048.618
   2,   2,  -3,  -4,  12,   5,   5,   1,1458228048.633
  -2,  -3,  -5,  -5,  -4,  -5,  -8,  -6,1458228048.633
  -1,   1,   3, -11,   0,  -3,   2,  -2,1458228048.634
  -4,  -2,  -2,   6,  -8,  -8,  -8,  -1,1458228048.634
   0,  -3,  -7,  -3,  -8,  -5,   0,  -2,1458228048.655
  -4,   1,  15,   1,  -5,  -6,  -5,  -1,1458228048.666
  -1,  -4,  -7,  -1,  11, -19,  -9,  -2,1458228048.666
  -6,   0,   0, -24,  -6,  11,   2,  -3,1458228048.666
   0,  -2,  -6,   1,  -9, -13,  -6,  -1,1458228048.669
   2,  -5,  -7,  -1,   7,  15,   2,  -2,1458228048.669
   1,   0,   3,   5,   2,   4,  -2,   1,1458228048.678
  -4,  -2,  -1,   2,  -8, -17,   3,   1,1458228048.678
   1,  -2,  -6,  -8,   5,   3,   0,  -2,1458228048.693
   2,   1,  -2,  -4,  -5, -14,  -9,   2,1458228048.693
  -3,   0,  -2,   7,   6,  19,   6,  -5,1458228048.709
  -3,   2,   5,  10,  10,  -3,  -1, -10,1458228048.709
  -1,  -2,   2,   0,   5,   4,   0,  -2,1458228048.715
   0,  -1,   2,   1,  -3,  -6,  -2,  -3,1458228048.715
  -3,  -3,  -5,  -7, -23,  -3,  -2,   2,1458228048.717
   0,   1,   1,  -2,   6,   0,   1,   3,1458228048.717
   0,  -2, -11,   3,   8,   0,  -1,  -1,1458228048.729
  -1,  -1,   0,  -1,  -8,   0,   2,   0,1458228048.729
  -1,  -2,  -3,  -1,   2,   5,   1,   0,1458228048.739
  -2,  -2,  -1,  -6,  -6,  -1,   3,   2,1458228048.758
  -1,   1,   8,  11,  12,  10,   2,  -1,1458228048.758
  -3,  -3,  -5,  -5,  -7,  -6,  -5,  -2,1458228048.758
   1,  -1,  -2,  -3,  -2,   4,  -5,  -4,1458228048.758
  -2,  -1,  -1,  -1,   8,  -9,  -2,   1,1458228048.758
   0,  -1,   0,  -1,   4,  11,  17,   5,1458228048.775
   0,   0,   0,  -4, -34, -44, -20,  -7,1458228048.775
  -4,  -2,  -2,   4,  11,   7, -13,  -6,1458228048.777
  -1,   0,   1,   0,   1,   2,   1,   2,1458228048.777
   1,  -2,  -3,  -7,  -2,  -4,  -9,   2,1458228048.794
   1,  -1,  -6,   0,  12,  12,   7,   0,1458228048.794
   2,  -1,   2,   4,   8,   2,   1,   2,1458228048.798
  -2,  -2,   0,  -1, -12,  -6,  -2,  -2,1458228048.798
  -2,   1,   6,  -1,  -4,   0,  -4,  -1,1458228048.813
   0,  -2,  -5,  -3,   5,   5,   1,  -1,1458228048.813
  -1,  -4,  -3,  -3,  -3, -10,   4,   2,1458228048.814
  -4,  -5,   0,   6,   2,  -2,  -7,  -6,1458228048.814
  -1,  -2,  -7, -13,  -7,  -3,  -4,  -2,1458228048.835
   0,   1,   2,   3,   3,   3,   3,   1,1458228048.848
   0,  -5,  -9,  10,  -3,  -4,  -3,  -2,1458228048.848
   0,   0,  -4, -11,   2,  -3,   9,   2,1458228048.848
  -2,  -2,   2,   4,  -3,  -2,   0,  -2,1458228048.849
  -2,  -1,   1,   0,  13,   2,   1,   0,1458228048.849
  -1,   0,   0,  -8, -13,   1,   1,   1,1458228048.858
   0,  -1,  -3,   8,   4,  10,  -8,  -4,1458228048.858
   0,  -4,  -5,  -9, -21, -27,  -1,   0,1458228048.873
   0,  -1,  -1,  -1,   7,  11,   6,   2,1458228048.873
  -1,   0,   2,   5,   5,  -1,   4,  -2,1458228048.884
  -3,   1,   2,   2,  -1,  -1,  -2,  -3,1458228048.884
  -2,  -2,  -2,  -3,   6,   9,   4,   1,1458228048.895
  -2,  -4,  -6,   3,  -2,  -2,  -2,  -1,1458228048.895
   0,  -1,   1,  -4,  -8,  -1,  -3,  -1,1458228048.897
   1,  -3,  -4,  -7,  -5, -10,  -7,   0,1458228048.897
   1,   3,   5,   3,   6,   5,   1,  -1,1458228048.909
   0,   1,   1,  -2,   0,   4,   4,  -1,1458228048.909
  -1,  -2,  -4,   0,  -3,   2,   3,   2,1458228048.918
  -1,   1,   0,  -3,   1,   4,   8,  -2,1458228048.929
   0,  -3,  -3,   3,  -3,   1, -12,  -4,1458228048.933
  -4,   1,   4,  -2,  -5, -13, -10,  -4,1458228048.933
  -1,  -1,  -5, -14,  -5,  -5,  -4,  -1,1458228048.934
  -1,  -2,   1,   1,  -1,  -2,  -3,   1,1458228048.934
  -1,   1,   2,   3,  -5,  -1,   5,   0,1458228048.955
  -1,   0,  -1,   1,   4,  10,   6,   2,1458228048.955
  -2,   0,   2,   3,   1,  -4,  -3,  -4,1458228048.961
   0,   0,  -5,  -5, -10,  -1,  -2,  -2,1458228048.961
  -1,  -5,  -4,  -1,   7,   2,  -4,  -4,1458228048.978
  -1,  -2,  -3,  -3,  -7,  -1,  -3,   1,1458228048.978
  -2,  -2,   7,  -1,   4,  -1,   0,   3,1458228048.979
  -3,  -2,  -3,   5,   3,   0,  -5,  -2,1458228048.979
  -2,  -2,   1,   6,   2,   1,  -1,   0,1458228048.993
   0,  -2,   0,   2,  -2,  -2,   0,   2,1458228048.993
   0,   1,   1,  -1,   0,   0,   1,  -2,1458228048.994
  -3,  -2,  -3,  -4,   0,  -1,  -3,  -1,1458228048.994
   1,   0,  -1,   0,  -3,  -3,  -6,  15,1458228049.015
  -2,  -2,  -3,  -2,   3,  12,   2, -12,1458228049.028
  -2,   1,  -1,  -2,  -8,  -7,   4,  -2,1458228049.028
   0,  -2,  -1,  -2,  -1,  -7,   4,   2,1458228049.028
   1,   1,   3,   0,  12,  -1,  -8,   0,1458228049.038
  -1,  -3,  -2,  -4, -20,  -4,  -1,   3,1458228049.038
  -2,  -1,   0,   3,  13,  14,   1,  -2,1458228049.039
   0,  -1,   1,  -1,  -5,  -5,   4,  -1,1458228049.039
  -1,   1,  -4,  -3,   2,   2,   0,  -3,1458228049.053
   0,  -3,  -7,  -1,   5,  -5,  -2,  -1,1458228049.053
   1,   0,   6,  -8,  -1,   0,   1,  -3,1458228049.063
  -1,  -1,  -1,   0,  -1,  -5,  -5,  -1,1458228049.063
   0,   0,   0,  -9, -23,  -7,   1,  -2,1458228049.075
  -3,  -4,  -4,   4,   6,  -4,  -3,  -3,1458228049.075
   0,  -4,  -8,   1,   6,   7,   2,   2,1458228049.077
  -2,  -4,  -2,   6,  -1,  -7,  -7,  -1,1458228049.077
   0,   0,   0,  -4,   7,  17,  11,  -1,1458228049.098
  -1,  -1,   1,  -1, -12, -16,  -1,   2,1458228049.098
  -2,   0,   1,  -1,   7,   7,  -5,  -3,1458228049.099
   1,   0,   0,   2,  -7,  -2,   5,   4,1458228049.110
  -3,   0,   4,  -3,  -3,  -6, -11,  -6,1458228049.120
   0,  -1,  -1,  -2,   6,   9,   9,   2,1458228049.120
   2,  -2,  -7,  -2,  -9, -16,  -7,   0,1458228049.122
  -1,   1,  -4,  -3,  -1,   4,   5,   1,1458228049.122
  -2,  -1,   0,   1,   1,   3,   5,  -1,1458228049.135
   2,   2,   3,  -3,   2,   1,  -3,   2,1458228049.135
  -3,  -1,  -5,  -1,  -8,  -5,  -1,  -2,1458228049.137
  -1,  -3,  -3,   0,   3,   4,  -4,   0,1458228049.137
  -2,  -5,  -9,  -1,  -1,  -3,   1,  -1,1458228049.158
  -3,   0,   5,   1,   1,  -1,  -4,  -4,1458228049.158
   0,  -3,  -2,  -1,  -7,  -5,   0,  -1,1458228049.159
   1,  -1,   1,  -1,  -5,   1,  -2,   1,1458228049.159
  -1,  -3,  -1,   1,  10,   0,   0,  -5,1458228049.172
   1,  -2,  -6,  -3,  -7,  -2,   0,   0,1458228049.172
  -1,   1,   1,   2,  -5,   0,   0,   1,1458228049.179
  -2,   1,   1,   1,  17,  10,  -1,   1,1458228049.179
  -1,  -1,  -2,  -5, -27,  -9,  -3,  -3,1458228049.195
  -2,  -3,  -2,  -1,  -5, -13,   1,  -1,1458228049.207
  -4,  -1,  -1,   1,  -1,   5,  -1,   1,1458228049.207
  -2,   0,   3,  -1,   3,   0,  -1,  -2,1458228049.207
   2,   5,   0,   0,   9,   4,   4,   3,1458228049.218
  -2,  -9,  -7,  -6,  -9, -11,  -4,  -4,1458228049.218
  -3,  -3,   3,   2,  -2,   4,  -4,  -1,1458228049.219
  -3,  -3,  -6,   0,  -3,   1,  -1,   0,1458228049.219
   0,   1,   0,  -1,   5,  -3,  -3,  -1,1458228049.232
   0,  -3,  -4,  -5,   0,  -1,  -1,   3,1458228049.232
  -2,   8,  22,   2,  -1,  -1,   2,   0,1458228049.246
   0,   0,  -5,   2,  -1,   0,  -4,  -5,1458228049.246
  -2,  -3,  -5,  -3,  -1,  -7,  -2,  -4,1458228049.255
  -1,  -3,  -4,   1,   0,   1,  -1,  -1,1458228049.255
  -1,  -7,  -6,  -1,  -3,   1,  -2,  -1,1458228049.257
   1,  -1,   3,  -3,  -2,  -1,  -1,   1,1458228049.257
   0,  -1,  -1,  -1,   0, -11,  -2,  -2,1458228049.285
  -1,   2,   0,   1,  15,   5,   0,  -1,1458228049.285
   0,  -1,  -4,   0, -12,   1,  -5,  -3,1458228049.287
