  -1,  -2,  -3,  -5,  -5,   2,  -2,  -1,1478549972.797
  -2,  -2,  -1,  -3,   4, -10,   2,   2,1478549972.797
  -2,  -3,  -7,  -2,  -3,  -4,  -2,  -1,1478549972.798
  -1,   0,   2,   1,   1,  -1,  -1,  -1,1478549972.798
  -1,   1,  -1,  -2,   3,  -3,  -1,  -1,1478549972.799
  -1,  -1,  -3,  -2,  -3,   1,   0,  -2,1478549972.799
   0,   0,   0,  -1,   0,  -1,   0,   0,1478549972.800
   0,  -3,  -2,  -5,  -2,  -3,  -2,  -2,1478549972.800
   1,  -2,  -3,  -1,   0,   1,  -2,  -1,1478549972.805
  -1,  -1,   5,   3,  -2,  -1,  -2,  -2,1478549972.807
  -1,  -2,  -3,  -4, -11, -16,  -5,  -2,1478549972.812
  -2,   0,  -4,  -2,   1,   3,  -5,  -3,1478549972.812
  -3,   0,   3,   5,   5,  -3,   2,   0,1478549972.820
  -2,   0,  -2,   4,   4,   0,  -1,   0,1478549972.820
  -1,   1,  -2,  -3,   0,   5,   3,   0,1478549972.835
  -1,  -1,  -2,  -3,  -5, -13,  -1,  -1,1478549972.835
  -2,  -2,   2,   1,  -5,   5,  -1,   0,1478549972.840
   2,   0,  -1,  -3,  -5,   5,   2,  -2,1478549972.840
   1,   0,   2,   9,  -5, -31,  -4,  -2,1478549972.864
   0,  -1,  -3,   0,  13,  49,   2,   0,1478549972.864
   0,   0,  -2,  -3,  -3,  -4,  -1,   0,1478549972.865
  -1,  -2,  -1,   1,   2,   2,  -5,  -2,1478549972.865
   3,   0,   0,  -2,  -1,   3,   9,   3,1478549972.911
  -2,  -1,  -1,  -3,  -2,  -5,  -4,  -2,1478549972.911
   0,  -2,   6,   2,  -3,  -3,   0,  -3,1478549972.912
   0,  -2,  -2,  -1,   3,  -2,   0,   1,1478549972.912
  -3,  -5,  -2,  -2,  -1,   4,  -4,  -1,1478549972.912
   0,  -2,  -2,   2,   2,  -3,   2,   1,1478549972.913
  -1,   2,  -2,  -2,  -1,  -6,  -2,  -2,1478549972.916
  -1,   2,   0,  -2,  -6,  -3,  -1,   2,1478549972.916
  -2,   0,   2,   5,   3,   2,  -1,  -3,1478549972.918
  -2,  -1,  -1,  -3,  -1,  -1,  -4,   0,1478549972.918
  -4,  -2,  -1,  -3,   1,   0,  -4,  -1,1478549972.922
  -2,  -2,   0,   1,   0,  -1,   0,  -3,1478549972.922
   0,   0,  -3,  -3,  -2,  -3,  -2,  -1,1478549972.931
  -1,   0,  -1,   3,  -1,   0,  -2,  -1,1478549972.931
   0,   1,  -1,  -1,   0,   0,  -2,  -1,1478549972.946
   0,  -4,  -1,  -3,  -1,   0,   0,   1,1478549972.946
  -1,  -1,  -1,  -1,   0,  -6,   0,  -2,1478549972.952
   0,  -1,  -4,   0,  -3,   1,  -1,  -3,1478549972.952
  -2,  -2,  -3,   1,  -1,   2,   0,   1,1478549972.976
  -2,   0,  -2,  -3,  -3,  -1,   0,  -3,1478549972.976
  -1,  -1,   0,  -1,  -3,  -3,  -2,   1,1478549972.978
  -1,  -3,  -2,   4,  -1,  -1,   1,  -1,1478549972.978
   0,  -1,  -4,  -3,  -3,  -1,  -1,   1,1478549972.990
  -3,   0,  -2,   0,  -1,  -3,  -2,  -1,1478549972.991
  -1,   0,  -3,  -6,  -3,  -1,   0,  -2,1478549972.997
   0,   1,   1,  -1,   4,   3,   0,   1,1478549972.997
   1,  -1,   6,   4,  -2,  -2,  -1,  -2,1478549973.013
  -2,  -3,  -2,  -3,  -1,   0,  -2,  -2,1478549973.013
   0,  -2,   0,  -3,  -2,  -1,   0,   0,1478549973.021
  -1,  -1,  -1,  -4,  -2,  -4,   1,   0,1478549973.021
  -2,  -1,  -4,  -2,  -2,   0,  -3,  -2,1478549973.036
   0,  -1,  -2,  -2,  -2,   1,  -2,  -1,1478549973.036
  -3,   0,  -2,   2,   0,  -2,  -3,  -4,1478549973.038
  -2,  -1,  -2,  -1,  -1,  -1,  -1,  -2,1478549973.038
  -2,  -2,  -5,  -2,  -1,  -1,   1,  -2,1478549973.050
   0,   0,   0,  -1,  -1,  -2,   0,  -3,1478549973.050
  -1,  -1,  -4,  -1,  -2,  -2,   0,  -1,1478549973.065
   0,   1,   0,   1,   0,  -1,  -3,  -1,1478549973.065
   1,  -1,  -1,  -1,  -3,   1,  -1,  -1,1478549973.074
  -2,   1,  -2,   1,  -1,   1,  -1,  -1,1478549973.074
   0,  -2,   0,  -1,  -1,  -1,  -1,  -1,1478549973.075
  -1,  -3,   2,  -2,  -2,  -4,  -2,   0,1478549973.075
  -1,  -2,  -2,   0,   0,  -1,   0,  -1,1478549973.096
  -1,  -2,   1,   1,  -1,   0,   1,  -1,1478549973.096
  -1,   1,   1,  -1,  -2,  -1,  -2,   0,1478549973.098
   0,  -2,  -2,  -4,  -3,   0,   1,  -2,1478549973.098
  -1,  -2,  -3,  -5,   1,  -1,  -3,   0,1478549973.110
   0,   0,  -1,  -2,  -5,  -5,  -1,  -1,1478549973.110
  -2,   0,  -1,   4,   4,   3,  -1,  -1,1478549973.119
  -3,   0,  -3,  -2,  -1,   1,  -1,  -2,1478549973.119
  -1,   1,  -3,  -1,   0,  -1,   0,   0,1478549973.134
  -1,  -2,  -4,  -2,   0,  -2,  -1,  -1,1478549973.134
   0,  -1,  -1,  -1,  -4,  -4,  -1,  -3,1478549973.135
   0,  -1,  -1,  -2,  -1,   1,  -1,  -1,1478549973.135
  -1,  -1,   1,  -3,  -4,  -1,  -1,  -2,1478549973.156
   0,   0,  -1,  -1,  -1,  -1,  -2,   1,1478549973.156
  -2,  -4,   2,   4,   0,  -2,   0,  -1,1478549973.158
  -1,   1,  -2,  -3,   0,  -2,   0,  -1,1478549973.158
  -1,   0,  -4,  -2,  -1,  -1,   0,  -2,1478549973.181
  -1,   0,  -2,  -3,   1,  -1,  -1,  -1,1478549973.181
  -2,  -2,  -3,  -4,  -3,   0,  -4,  -3,1478549973.183
  -1,  -1,  -1,   0,  -3,  -1,  -1,   0,1478549973.183
  -2,  -1,   1,   0,  -3,  -1,   1,  -1,1478549973.186
   0,  -1,   2,   0,  -2,  -1,   0,   0,1478549973.186
  -3,  -2,   2,   1,  -2,  -1,   0,  -1,1478549973.194
  -1,  -3,  -3,  -3,  -2,   0,   1,  -2,1478549973.194
   0,  -3,  -2,  -4,   1,  -2,  -4,   0,1478549973.208
  -1,   0,   0,   1,   3,  -1,  -5,   0,1478549973.208
  -1,  -1,  -1,  -2,   0,  -4,  -5,   0,1478549973.215
   1,   0,  -2,  -3,  -3,  -6,  -4,   3,1478549973.215
  -4,  -3,   1,   1,   8,   3,   0,   1,1478549973.222
  -3,  -2,  -2,   1,   7,   4,   2,   1,1478549973.222
   6,   5,   5,   0,   3,   2,   2,   4,1478549973.231
   5,   4,   3,   0,   4,   2,   0,   2,1478549973.231
  -4,  -3,  -1,  -1,  -1,  -2,  -4,  -6,1478549973.245
  -8,  -8,  -7,  -5,  -2,  -3,  -4,  -7,1478549973.245
  -5,  -2,  -6,  -4,  -3,  -3,  -2,  -1,1478549973.252
   1,   0,   3,   1,   2,  -2,   0,   3,1478549973.252
   6,   4,   1,   1,  -2,  -3,   2,   5,1478549973.268
  -1,   0,   3,   3,   0,   1,   0,  -3,1478549973.268
   0,  -1,  -2,   0,   1,   1,  -1,  -2,1478549973.275
  -1,  -1,  -2,  -5,  -2,  -1,   1,   0,1478549973.275
  -1,   2,   0,  -1,   2,   1,   4,   1,1478549973.283
   2,   2,   1,  -3,  -2,   0,   3,   1,1478549973.283
   2,   0,  -2,  -3,  -1,  -2,   1,  -1,1478549973.297
  -2,  -2,   0,   1,  -3,  -2,   0,  -4,1478549973.297
   0,   0,  -2,   2,   3,   1,   1,   0,1478549973.305
   1,   0,   0,  -1,  -2,   1,   0,   3,1478549973.305
   0,  -1,   1,  -1,   1,   2,   0,   0,1478549973.312
  -2,  -2,   0,   2,   0,   0,  -3,  -4,1478549973.312
  -2,  -3,   0,  -2,  -4,  -1,   1,  -2,1478549973.328
   0,   0,   2,   1,  -4,   1,   2,   0,1478549973.328
  -1,  -1,  -4,  -2,  -3,  -1,   3,   1,1478549973.334
  -1,   0,  -3,  -1,  -5,  -1,   0,   1,1478549973.334
  -1,  -2,  -3,   0,  -1,   0,   0,  -5,1478549973.342
   0,  -2,  -3,  -2,   1,   0,   2,   0,1478549973.342
  -2,   0,   2,   2,   0,  -1,   2,  -1,1478549973.358
  -1,  -1,  -1,  -5,  -2,  -2,   0,   0,1478549973.358
  -2,  -1,  -2,  -2,  -4,  -2,   0,   1,1478549973.365
   2,  -1,  -1,   1,  -2,  -3,  -2,   0,1478549973.365
   0,  -4,  -2,  -2,  -2,   0,  -2,  -2,1478549973.372
  -1,  -3,   2,   2,   0,   0,   0,  -1,1478549973.372
   0,  -1,  -4,  -2,  -4,  -3,  -3,  -1,1478549973.388
  -3,   0,  -2,  -2,  -3,  -2,  -2,  -2,1478549973.388
  -2,  -1,  -1,  -2,   0,   0,  -2,   1,1478549973.403
  -2,  -1,  -1,   1,   1,   2,   1,  -1,1478549973.403
  -2,  -1,   0,  -2,   0,  -2,   1,   0,1478549973.403
   0,  -1,   0,   0,  -1,  -2,   0,   0,1478549973.403
  -1,   2,  -4,  -5,  -5,  -3,  -1,  -2,1478549973.417
  -3,  -1,  -2,  -4,   0,   1,  -1,  -2,1478549973.417
   1,  -1,   0,   1,  -1,  -2,  -2,  -1,1478549973.426
  -1,   0,  -1,   0,  -1,  -2,  -3,  -2,1478549973.426
  -1,  -1,  -2,  -1,  -1,  -1,   1,   0,1478549973.432
   0,   0,   3,   1,  -4,  -4,   1,  -2,1478549973.432
  -1,  -1,  -3,  -8,  -3,   5,   1,  -1,1478549973.448
   1,  -1,  -1,  -1,   1,  -1,  -1,   0,1478549973.448
  -2,   0,   1,   2,   0,  -2,  -1,   0,1478549973.464
  -3,  -3,  -1,   2,   2,  -1,  -1,  -4,1478549973.464
   0,   1,   0,   6,   3,  -1,   0,   0,1478549973.464
  -2,  -3,  -2,  -8,  -7,  -2,  -4,  -2,1478549973.464
  -1,  -2,  -4,  -1,  -5,  -1,  -1,  -1,1478549973.478
  -2,  -2,  -4,  -5,  -2,   0,   1,   1,1478549973.478
  -2,  -1,   2,  -6,   5,  -1,  -5,  -3,1478549973.487
  -3,  -1,   0,  16,   8,  -1,  -4,  -3,1478549973.487
  -3,  -4,  -6, -13, -24,  -6,  -6,  -3,1478549973.493
  -2,  -1,   2,   5,  -4,   1,  -2,  -2,1478549973.493
  -1,  -4, -11,  -5,  -2,  -1,  -3,   1,1478549973.509
  -5,  -3, -10, -27,  -1,  -3,  -4,  -3,1478549973.509
   1,   0,   4,  11,  12,   0,  -2,  -1,1478549973.515
   0,  -3,   2,   2,   3,   0,  -5,  -2,1478549973.515
   0,   1,   7,   3,  -4,  -3,  -3,   0,1478549973.523
  -3,   0,   1,  -1,   4,   1,   1,  -1,1478549973.523
  -5,  -1,  -7, -12,   4,  -2,  -4,  -2,1478549973.538
  -5,  -6,  -6,   2, -20,   0,  -5,  -3,1478549973.538
   0,  -1,   0,   3,  -4,  -5,  -2,   0,1478549973.547
   2,   0,   3,  -2,   4,   2,  -2,   1,1478549973.547
   3,   0,   2,   3,  16,   3,   1,   1,1478549973.553
  -1,  -1,  -4,   2, -26, -21,  -6,  -2,1478549973.553
  -5,  -5,  -7,  -2,   9,   9,   2,  -2,1478549973.571
  -1,  -2,  -2,  -4, -13,  -6,  -3,  -1,1478549973.571
  -2,  -4,  -2,  -6,  11,  10,   1,  -3,1478549973.575
   2,   2,   1,   2,  11,   1,   1,  -1,1478549973.575
  -3,  -2,  -3,  -2,  -4,  -4,  -2,  -3,1478549973.590
   0,   0,  -1,   4,   5,  -1,  -1,   0,1478549973.590
  -1,  -3,  -5,  -8, -11,  -2,   0,  -1,1478549973.607
  -2,  -2,  -4,  -6,  -4,  -5,  -4,  -2,1478549973.607
  -2,   1,   1,   3,  -5,  -7,  -3,  -3,1478549973.608
   1,   1,   0,   1,  -4,  -3,   0,   1,1478549973.608
  -2,  -4,  -3,   3,   2,  -3,  -2,  -2,1478549973.613
  -1,  -1,  -2,  -5,   3,   6,   2,   1,1478549973.613
   1,   2,   3,  -2, -13,  -7,  -5,  -1,1478549973.629
  -1,  -1,   2,  21,  26,   7,  -1,   0,1478549973.629
  -1,  -3,  -9, -32,  -9,  -3,  -2,   6,1478549973.635
  -2,   0,   2,   2,  17,   3,  -2,  -4,1478549973.635
  -3,  -4,  -4,  13,  -4,  -7,  -6,  -8,1478549973.650
   0,  -2,   0,  -8, -14,  -3,  -4,  -3,1478549973.650
   1,  -1,   1,  17, -16,  -8,  -3,   0,1478549973.658
   0,  -2,  -6,  -5,  14,   1,  -1,   3,1478549973.658
   0,  -1,   6,   0,  28,  18,   4,   2,1478549973.667
  -2,   0,  -1,   1, -20,   2,   4,   2,1478549973.667
  -4,   0,  -1,   3,   8, -13,  -7,  -6,1478549973.673
   1,   2,   2,   0,  -6,  -3,  -1,   1,1478549973.673
   0,  -1,  -2,   1,  -8,  -4,  -1,  -1,1478549973.689
  -3,  -1,   3,   7,   3,  -3,  -3,  -1,1478549973.689
  -1,  -1,  -6, -18,  -2,   0,  -2,   1,1478549973.695
  -4,  -4,  -3,   1,  -4,  -6,  -4,  -3,1478549973.695
  -1,  -4,  -6,  -4,  -5,   6,   1,   2,1478549973.710
   1,  -2,  -2, -10,  -3,   3,   1,   0,1478549973.710
  -1,   1,   7,  13,  -1,  -2,  -4,  -4,1478549973.718
  -1,  -1,   0,  -1,   3,   0,  -3,  -1,1478549973.718
   0,  -1,  -1,  -3,   1,   1,  -3,  -1,1478549973.733
   0,  -1,  -1,  -7, -11,  -8,   0,  -1,1478549973.733
  -1,  -1,   0,  14,   2,   1,  -1,  -2,1478549973.734
   0,  -2,  -2,  -9,   1,   3,   1,   1,1478549973.734
  -1,  -3,  -2,  13,  -1,  -7,  -5,  -2,1478549973.749
  -2,  -2,  -2,  -3,   4,  -2,  -4,  -2,1478549973.749
   0,  -1,   0,  -3,   0,  -1,   6,   4,1478549973.755
  -3,  -1,  -3,  -8,  -9,   5,   2,   1,1478549973.755
  -1,  -1,   1,   3,  14,   0,   0,   2,1478549973.770
   1,   3,   2,   2,  12,   1,   0,  -2,1478549973.770
   1,   1,   3,  -1, -13,   4,   1,   0,1478549973.778
   1,   1,   1,  -4,  -6,  -6,  -2,  -2,1478549973.778
  -2,  -1,   0,  -8,   4,   2,  -2,  -4,1478549973.787
  -2,  -1,  -2,   4,  -8,  -2,   7,   3,1478549973.787
  -1,   1,   3,   4,   4,  -3,   3,  -1,1478549973.793
   1,  -1,  -2,   9,   2,   1,   1,   1,1478549973.793
   1,   1,   0,  -8,  -9,  -6,   2,   0,1478549973.816
   1,  -2,  -1,  -3,   5,   3,   0,   0,1478549973.816
   0,  -1,   0,   1,   0,   0,   2,  -2,1478549973.817
   0,  -1,   0,  -4,   0,  -1,   1,  -4,1478549973.817
   0,   4,   1,   2,   2,   0,   0,   0,1478549973.824
   2,   0,   2,  -1,  -5,  -3,   2,  -1,1478549973.824
   0,  -3,  -2,   5,   1,  -1,   1,  -3,1478549973.838
  -3,  -4,  -7,   0,  10,   2,   0,  -2,1478549973.838
  -1,  -2,  -6,  -1, -19,  -2,  -2,  -5,1478549973.855
  -3,  -3,  -4, -10, -26,  -7,   2,   5,1478549973.855
  -2,  -1,   5,   4,  -4,  -6,  -5,  -2,1478549973.856
  -2,   2,   4,  -4,   4,   6,   2,  -2,1478549973.856
  -2,   1,   3,   1,  11,   1,   4,   1,1478549973.869
   1,  -1,  -3, -18,  -3,  -1,  -6,  -3,1478549973.869
  -1,  -3,  -2,   0,  -3,   3,  -4,  -2,1478549973.875
   2,   1,   1,  12,   3,  -2,   0,   3,1478549973.875
  -2,  -4, -10, -11, -13,  -9,  -2,  -2,1478549973.898
  -3,  -3,  -8,  -1,  -5,  -5,  -6,  -3,1478549973.898
   0,   2,   2,  -1,  13,   9,   2,   0,1478549973.899
  -3,  -1,   2,   3,  -4,  -8,  -7,  -6,1478549973.899
   0,   1,   3, -13, -19,   8,   5,   0,1478549973.913
  -1,   2,  10,   9,   4,   0,   2,  -1,1478549973.913
  -2,  -6,  -9,  34,  40,  -6,  -3,   0,1478549973.914
  -3,  -5, -12, -15, -63,  -6,  -3,   0,1478549973.914
   0,  -2,  -3,   4,  -4,  -2,  -4,   2,1478549973.929
  -2,   1,  -1,   8,   1, -14,  -1,  -3,1478549973.929
   0,   3,   4, -17,   4,  18,   2,   0,1478549973.935
   3,  -1,   4,   3,  12,  -2,   3,   1,1478549973.935
  -1,  -1,   1,   5, -12,  -3,  -4,  -5,1478549973.950
   1,   1,  -1, -32, -33,  -2,   2,   1,1478549973.950
  -3,  -2,  -5,  26,  19,  -6,  -4,  -3,1478549973.958
  -3,  -3,  -7, -29,  -2,   1,   1,  -1,1478549973.958
   0,   0,   0, -18, -12,   6,   1,   1,1478549973.973
   1,   0,  -1,  12,  32,   8,  -2,  -1,1478549973.973
  -1,  -1,   1,  -4, -13,   7,   1,  -2,1478549973.974
   1,  -1,   1,  -5,  -4,  -9,  -3,   0,1478549973.974
  -2,  -2,  -6, -12,   1,  -1,  -3,  -2,1478549973.989
  -4,  -3,   1,  31,  19,   1,  -3,  -4,1478549973.989
  -1,  -1,  -3, -20, -29,  -9,  -2,  -1,1478549973.995
   1,   0,   3,   0,  -1,  -1,  -2,   0,1478549973.995
   1,  -1,   8,  50,  81,   5,   0,   1,1478549974.010
  -5, -10, -25, -59, -64, -16, -10,  -5,1478549974.010
   0,   1,   4,  -7, -30,   9,   0,  -2,1478549974.017
  -1,   2,  -1,  -2,   1,  -4,   3,   0,1478549974.017
   0,  -2,  -4, -19, -19,  -3,  -1,   0,1478549974.033
   0,   2,   5,  13,  10,   1,   2,   0,1478549974.033
   0,   0,  -1,  14,  21, -19,  -3,   1,1478549974.034
  -5,  -3,  -2,   0,  11,  18,   1,  -5,1478549974.034
  -2,  -2,  -1,  -2, -15,  -8,   1,  -3,1478549974.049
   1,  -1,   2,   9,  27,   9,  -1,   0,1478549974.049
   0,  -2,  -2, -11, -14, -10,  -1,  -1,1478549974.055
  -1,  -1,   0,   5, -29, -16,  -1,  -1,1478549974.055
   0,  -1,  -5, -12, -11,  14,   5,   2,1478549974.078
  -4,  -2,  -1,   4,  20,   3,  -3,  -4,1478549974.078
  -2,  -3,   0,  -3,  23, -20,   1,   0,1478549974.079
  -1,  -3,  -7,  -9, -79, -39,  -9,  -4,1478549974.079
   1,   1,   7,  13,  22, -35,   0,   0,1478549974.101
  -3,  -4, -12, -14, -17,  31,  -9,  -5,1478549974.101
  -2,  -2,  -1,  -2,  -1, -15,   3,   1,1478549974.101
   3,  -2,  -2,  11,  72,  61,  10,   4,1478549974.101
   1,  -1,   2,  -9, -61, -12,   0,   0,1478549974.115
   0,  -4,   2,  22,  65,  19,  11,   4,1478549974.115
  -4,   0,  -5, -16, -59,   8,  -2,  -5,1478549974.124
   1,   4,   1,  -2,  26,  50,  -3,  -1,1478549974.124
  -4,  -2,  -2, -13, -60, -76, -22,  -7,1478549974.138
   2,   1,   4,  11,  41, -34,  10,   6,1478549974.138
  -1,  -4,  -5,   1, -65,   4, -18,  -5,1478549974.139
  -3,  -1,   7,  23,  75,  61,  17,  -5,1478549974.139
   7,  -4,  -6,  -6,   3, -55,  -4,   2,1478549974.160
  25,  15,   7, -15, -12,  49,  -5, -20,1478549974.160
 -23, -12,  -8,   4,  54,  41,   6,  15,1478549974.161
 -31,  -1,  12,  29,  23,  57,  -3,  -4,1478549974.161
  -3,   1, -11, -27, -43,   1,  12,  -3,1478549974.175
   5,  -1,   0,  14,  61, -53, -28,   3,1478549974.175
   3,  12,  14,   7,-101,  87,  32,  -4,1478549974.183
  31,  -3,  -8,  -7,  77,-112,  -4, -20,1478549974.183
  57,  15,  13,  -9, -83, -25,   6,   9,1478549974.198
 -96, -33, -27, -20,  65, -66,   0,  59,1478549974.198
  22,   4,   8, -25, -77, -81, -35,  -6,1478549974.199
  -5,  -4,   0,  17,  55,  69,   3, -16,1478549974.199
  23,   5,  10,  39, -16, -55, -15,   7,1478549974.222
  56,  13,   8,  -4,  -6,  -7,  82,  22,1478549974.222
  14,   1, -18,  11, 127,  60, -92,-111,1478549974.223
 -84, -17, -18, -63,-128,-128,  67,  50,1478549974.223
 -15, -36, -38,  17, 114, 127,  49,   1,1478549974.235
 -29, -10,   6,  15,-128, -81, -80, -25,1478549974.235
  73,  -2, -11, -16, -44,-104,  29,  56,1478549974.250
 -56,  10,  25,  30,  -9, 127,  15,-105,1478549974.250
  57,   9,  -4, -34, -40, -65, -57, -20,1478549974.258
 -42,  27,  36,  35,  52,  22,  87, -19,1478549974.258
 -67, -41, -35, -34, 127,  45,  -3,  85,1478549974.259
  67,  -3, -16,  -6,  48, -35,   3,   9,1478549974.259
 -26,  -5,   6,  -2, -55,  64,   3,   0,1478549974.280
  86,  17,  19,   3, -43, -10,  71,   8,1478549974.280
  96,  35,   6,  15,  85, -54, -95, -73,1478549974.281
 -92, -21, -19, -50, -81,  57, -79,  86,1478549974.281
  18, -11,  17,  57, 127,  33,  27, -64,1478549974.304
  41,  -3, -21, -27, -43,  91,  -6,   2,1478549974.304
  -5,   6,  19,   2, -78, -59,   4,   0,1478549974.304
  46,   2,  -7,  55,  65,  10,  -1,   4,1478549974.304
 -33,   1, -15, -43,  35,  32, -17,  -1,1478549974.318
 -23,  -4,   9,  27, -77, -34, -70,  10,1478549974.318
 -16,   0,  -4, -10,  56,  41,  70, -18,1478549974.318
  70,  14,  21,  31,  12, -35,  71,   1,1478549974.319
 -95,   1,  -4,  -6,  55,  48,-114, -22,1478549974.340
 -44, -23, -10, -35, -22,  17, -47, -40,1478549974.340
 -40, -12,  -7, -31, -34,  16,  17,  13,1478549974.341
  -4,   0,   4,  35,  61,  -3, -28, -11,1478549974.341
   4,   5,  -2,  26,  67, -23,  82,  -3,1478549974.363
  35,  -2, -12, -40, -61, -18,  14,  25,1478549974.364
 -32,   3,  13,  43,  98, -10, -30, -18,1478549974.364
  26,   5,   3, -37,-118, -60,   7,   7,1478549974.364
  25,   4,   5, -19, -35,   4,  30,  30,1478549974.378
 -29,  -7,  -9,  34,  95,  22, -62, -21,1478549974.378
   5,   4,  10, -20,-128,   2,  54,  21,1478549974.378
  22,   5,  -6,  -2, 120,-108, -40,  13,1478549974.379
 -20,  -3,   3,   5,-125,  65, -11,  -4,1478549974.400
  -4,  -6, -18, -83, -86, -45, -15, -19,1478549974.400
  -9,  -1,   9,  85, 118,  53,  77,   9,1478549974.401
   2,  -1,   2, -37, -72, -22, -70, -19,1478549974.401
 -18,  -7,  -6,  -2,  -2, -32,   9,   4,1478549974.424
  13,   2,   2,  15,  79,  71,  20,   4,1478549974.424
  -8,   3,  -2, -21,-128, -75,  -4,   7,1478549974.424
  -3,   0,  -4, -11,  33,  -5,  -6,  -3,1478549974.425
   7,   7,  11,   9,   1, -21,  11,  12,1478549974.438
   5,   3,   6,   9,  27,  38,  31,  -5,1478549974.438
  -9,  -8,  -6,  17,  55,   2,  -8,  -4,1478549974.438
  -2,  -3,  -4,  -8, -63, -10,   2,  -6,1478549974.438
  -4,   1,  -9, -24, -27, -31,  -6,   0,1478549974.460
   2,  -2,  -1,   7,  -1, -14,   4,  -5,1478549974.460
  -6,   1,   1, -20,  18,  -4,  -9,   1,1478549974.461
   0,  -3,  -7, -31, -60,  16,  19,   0,1478549974.461
   9,   2,   3,  16,  46,  10,   9,  10,1478549974.483
  -6,   2,   3,   7, -13,  -6, -11,  -3,1478549974.483
   0,  -6,  -4,   9, -23,   2,   4,   0,1478549974.484
   1,   0,   0,  -1,  -1,  11,   9,   0,1478549974.484
  -5,  -2,  -4,  -3,  13, -20, -14,  -5,1478549974.498
   3,   6,   6,   4,   2,  13,   9,   0,1478549974.498
   1,   6,  10, -10,   7,  10,   7,   1,1478549974.498
   4,   3,   6,  20,   7,   6,  10,   0,1478549974.498
  -7,  -9,   0,  39,  16,  -9, -14,   4,1478549974.529
  -8, -12, -29,  12,  -7, -24, -15,  -4,1478549974.529
   2,  -6, -12, -17, -18,  15,   3,  -4,1478549974.530
  -2,   1,   2,   8,   9,   3,   9,  -3,1478549974.530
   4,   4,   8, -18,  -3,   2,  30,   4,1478549974.544
   0,   3,   1,  -1,  16,   6,  38,  -3,1478549974.544
  -2,  -2,  -2,  -4,  10,   5,  17,   1,1478549974.545
  -1,  -1,  -1,  -5, -15,  -1,   9,  -3,1478549974.545
   2,   2,   3,  -1,   5,  -1,   2,   5,1478549974.583
  -2,  -4,  -1,  -8,  -2,   4,  -8,  -5,1478549974.583
  -5,  -5,  -4,  -4,   1,  -6, -18,   2,1478549974.584
  -2,  -6,  -3,  -2, -12,  -3, -13,   1,1478549974.584
  -1,  -2,  -1, -10,  -1,   3, -12,  -9,1478549974.585
  -2,   1,   1,  -6,   8,  -2,   3,   0,1478549974.585
   1,  -2,  -3,  25,  -2,  -5,   0,   8,1478549974.589
  -2,   2,  -5, -12,  -7,   2,  -2, -15,1478549974.589
  -3,  -1,  -4,   1,   5,  -2,   8,   8,1478549974.606
  -1,   2,   3,  -6,  -5,  -2,   6,  -7,1478549974.606
  -2,  -2,  -5, -39, -16,  -4,   6,   1,1478549974.606
   3,  -5,   0,  32,  12,   0,  11,   2,1478549974.606
   1,  -1,  -3, -14,  -9,  -5,  -4,   3,1478549974.618
  -1,   0,   5,  10,   3,  -4, -11,  -1,1478549974.619
   0,   0,   1,  -9,  -2,   2,  -8,  -1,1478549974.619
  -3,   1,  -2,  13,   5,   1, -16,  -1,1478549974.619
  -2,  -1,  -2, -19,  -8,  -4, -20,  -1,1478549974.641
  -1,  -3,  -2,  17,  14,   2, -18,   1,1478549974.641
  -3,  -2,  -2,  -3,  -6,  -1, -23,  -5,1478549974.642
   1,  -1,  -1, -11,  -1,  -1, -11,   1,1478549974.642
   0,  -2,   1,  13,   5,  -4, -11,  -4,1478549974.665
   1,  -3,  -2,  10,   0,  -5, -12,   1,1478549974.665
  -1,  -2,  -5, -10,  -3,   1,  -8,  -3,1478549974.665
  -1,  -2,   2,  -9,  -4,  -1, -14,  -2,1478549974.665
   0,   0,  -1,  -3,   4,   0,  -1,   0,1478549974.687
  -3,   0,  -1,  -2,  -6,  -3, -14,  -4,1478549974.687
  -3,  -1,   0,   2,   2,  -2,  -8,  -4,1478549974.687
  -3,   0,  -1,  -1,  -1,   0,  -7,   0,1478549974.687
  -3,  -1,  -4,   0,  -1,  -3,  -4,  -2,1478549974.702
  -2,  -2,  -2,  -8,  -8,   1,  -5,   0,1478549974.702
  -2,  -1,   3,  10,   7,   1,   1,  -1,1478549974.703
  -2,  -1,  -4,  -3,   3,  -2,   2,   0,1478549974.703
   0,   0,  -2,  -5,  -6,  -2,   3,   0,1478549974.724
  -1,   1,   0,   5,  -3,  -2,  -1,  -1,1478549974.724
  -2,   1,  -1,  -4,  -4,  -1,   0,  -1,1478549974.725
  -1,  -3,   0,  -2,  -2,   1,   0,  -5,1478549974.725
  -3,  -2,  -4,  -6,   3,  -3,   0,  -1,1478549974.738
   1,  -1,  -2,  -4,  -3,  -2,   0,   2,1478549974.738
   0,   2,   1,   0,  -1,   2,  -1,  -1,1478549974.739
  -2,  -2,   0,   4,   4,  -3,   3,   0,1478549974.739
  -1,  -2,  -1,  -8,  -9,  -1,  11,  -1,1478549974.761
  -1,  -1,  -1,  11,   4,  -3,   1,   1,1478549974.761
  -3,  -2,  -1,   3,   1,   0,  -4,  -1,1478549974.762
   0,  -1,   1,  -4,  -5,  -2,  -1,   0,1478549974.762
   2,  -1,   1,   3,   3,   2,   0,   7,1478549974.784
   0,   0,  -6, -13,  -6,  -1,  -1,  -7,1478549974.784
   0,   0,   3,   1,   2,  -2,  -1,  -1,1478549974.785
  -4,  -1,  -5,  -1, -15,  -4,  -6,  -7,1478549974.785
  -1,   0,   1,  -3,   2,  -1,   0,   2,1478549974.798
  -1,  -1,  -3,  -2,  -7,   1,   6,   1,1478549974.799
   1,  -1,   0,   3,   6,   1,   5,  -2,1478549974.799
  -1,  -3,  -4, -20, -12,   1,   4,  -1,1478549974.799
   0,  -2,  -1,   5,   4,  -2,   0,  -1,1478549974.821
  -1,  -3,   1,  -1,  -3,  -1,  -2,  -1,1478549974.821
   0,   0,   1,  -6,  -3,   1,   1,   0,1478549974.822
  -2,  -2,   1,  10,   4,  -2,  -1,  -1,1478549974.822
  -2,  -3,  -2,  14,   3,  -2,  -3,  -4,1478549974.844
  -2,   0,  -1,  -9,  -2,   2,   0,  -2,1478549974.844
   0,  -2,  -3,   4,   6,  -3,  -3,  -3,1478549974.845
   3,   2,  -1,   1,   0,   3,   0,   1,1478549974.845
  -2,  -3,  -3,  -9,  -3,  -1,  -2,  -3,1478549974.858
  -3,  -2,   1,   2,  -1,   0,  -1,  -1,1478549974.858
  -2,  -3,   0,   2,  -1,  -1,  -2,  -1,1478549974.866
  -1,   0,   0,  -1,   0,  -2,  -2,   1,1478549974.866
  -1,   0,   3,   0,  -3,   2,   0,  -2,1478549974.881
  -1,  -1,  -2,  11,   5,  -3,  -1,  -2,1478549974.881
  -2,   0,  -2,   1,   1,  -3,  -1,   0,1478549974.881
  -3,  -2,  -3,  10,   0,  -1,  -2,   0,1478549974.882
  -1,  -1,  -2,  -3,  -4,  -1,   7,  -2,1478549974.904
   0,  -1,   0,  -3,  -2,   2,   4,   1,1478549974.904
   0,  -1,   1,   4,   1,   2,   1,   0,1478549974.905
  -1,  -3,  -3, -13,  -2,  -3,  -1,   0,1478549974.905
  -3,  -2,  -3,  -7,  -7,  -2,  -7,  -2,1478549974.917
  -1,  -2,   0,  -3,  -3,  -1,  -1,  -1,1478549974.918
   0,  -2,  -1,  -3,  -2,  -1,  -4,  -2,1478549974.926
   1,   0,   3,  -1,   1,  -2,   0,   1,1478549974.926
   0,  -1,  -3,   2,   1,   0,   0,  -1,1478549974.941
   1,   0,  -1, -11,  -2,  -1,  -4,   0,1478549974.941
  -1,  -2,  -3,   3,   0,  -2,  -2,  -2,1478549974.942
  -1,   0,  -1,  -9,  -7,  -2,   3,  -1,1478549974.942
  -1,   0,  -2,   1,  -1,  -1,   2,  -3,1478549974.964
  -2,   0,   0,   0,   1,  -3,  -1,  -1,1478549974.964
  -3,  -2,  -2,   2,   0,  -1,   1,  -2,1478549974.965
   1,  -3,  -2,  -1,   1,   1,   1,  -1,1478549974.965
   1,  -1,   0,   0,   1,   0,   0,   1,1478549974.977
  -2,  -1,   2,  -1,   1,  -1,  -1,  -1,1478549974.978
  -1,  -4,  -6,   4,  -9,  -3,   1,   0,1478549974.986
  -3,  -1,   0,  -3,   0,   0,  -2,  -2,1478549974.986
  -2,   0,  -4, -10,  -6,  -3,   1,   0,1478549975.001
  -3,  -2,   0,   1,   0,  -1,  -1,  -2,1478549975.001
  -3,   1,  -1,  -9,  -5,   0,  -3,   0,1478549975.002
   1,   0,  -1,  -4,   0,   2,  -1,  -2,1478549975.002
   1,  -2,   3,   8,   3,   1,  -1,  -1,1478549975.024
  -2,  -6,  -6,   4,   7,  -4,  -3,   0,1478549975.024
  -1,  -1,   1, -10, -10,  -1,   1,   0,1478549975.024
  -1,  -3,  -2,  15,   7,  -1,  -1,   0,1478549975.025
  -2,  -2,   1,  -4,  -6,   0,  -1,  -2,1478549975.037
   0,  -1,  -2,  -3,   0,   0,   1,  -1,1478549975.037
   0,  -2,  -1,  -8,  -4,   1,   0,  -3,1478549975.046
  -1,   0,  -3,  -3,   6,  -2,   0,   1,1478549975.046
   2,  -1,   2,   8,   0,   0,  -3,  -2,1478549975.061
   0,  -2,  -6, -19, -12,  -2,   1,  -1,1478549975.061
   0,   1,  -2, -13,  -5,   0,  -2,  -1,1478549975.062
   0,   2,   2,   1,  -2,  -1,   1,  -3,1478549975.062
  -1,   0,   1,   3,   2,  -1,  -3,  -2,1478549975.084
  -1,   0,  -2,   3,   2,   7,   4,   0,1478549975.084
   1,   0,   1,  -2,  -7,  -3,  -3,   0,1478549975.084
   0,   1,  -1,  -1,  -2,  -3,  -1,   6,1478549975.084
  -3,  -2,  -7,   6,   6,  -3,  -5,  -4,1478549975.097
   0,   1,   1,  -8,  -7,   0,  -1,   0,1478549975.097
  -1,  -2,  -5,  18,   9,  -1,   0,  -2,1478549975.106
  -1,  -1,  -1,  -3,  -5,   1,  -3,  -2,1478549975.106
   0,  -1,   2,   0,   3,  -1,   1,  -2,1478549975.121
  -2,  -1,   0,  -1,  -3,  -4,   0,  -1,1478549975.121
  -1,  -2,  -1,  -6,   0,  -1,   0,  -2,1478549975.122
  -1,  -3,   0,  -1,  -1,  -1,   0,  -1,1478549975.122
  -1,  -2,  -3,  -5,  -3,  -1,   3,   2,1478549975.144
  -2,  -1,   2,   2,   0,  -1,  -1,  -1,1478549975.144
   0,   0,   2,   0,  -1,   0,   1,   1,1478549975.144
  -1,   0,  -4, -17,  -9,   0,   0,  -3,1478549975.144
  -1,  -2,  -3,   4,  -3,   1,   0,   1,1478549975.157
   0,   0,  -2,  -1,   2,   0,  -1,   2,1478549975.157
  -2,  -1,  -1,   6,   8,  -2,  -5,  -4,1478549975.166
  -3,  -4,  -2,   0,  -3,   1,  -3,  -7,1478549975.166
  -1,  -1,  -1,  -6,  -4,  -3,   0,   0,1478549975.181
   1,  -1,  -1,   1,   1,  -1,  -1,   1,1478549975.181
   0,  -2,  -1,   8,   1,   0,   1,   1,1478549975.182
   0,  -2,   1,  -6,   2,   3,  -1,   0,1478549975.182
  -2,   1,  -3,  -2,  -2,  -3,  -1,  -1,1478549975.204
   0,   0,  -3,  -6,  -4,  -3,   0,   0,1478549975.204
  -2,   0,   0,  -2,   2,   2,   1,   0,1478549975.204
  -1,  -1,   0,   1,  -2,   1,  -1,   0,1478549975.204
  -2,  -2,  -2,   7,   1,   2,  -2,  -2,1478549975.226
  -1,  -1,  -1,   2,  11,  22,   0,  -2,1478549975.226
  -1,   0,   0,  -2, -12, -23,  -1,  -2,1478549975.227
   0,  -1,  -5, -15,  -5,  -7,  -1,   1,1478549975.227
   0,   0,  -1,  -4,  -8,  -2,  -3,  -3,1478549975.241
  -1,   0,   4,   6,  13,  -2,  -3,  -4,1478549975.241
  -2,  -5,  -4,   2,   9,  23,   0,  -1,1478549975.242
  -2,  -2,  -1,   8,  -7, -17,  -2,  -1,1478549975.242
   0,   1,  -1,  -7,  -7, -10,  -1,  -1,1478549975.264
  -1,   0,   2,   4,  -4,  -9,  -2,  -3,1478549975.264
   0,  -2,  -4, -20,  -6,   9,   0,   7,1478549975.265
  -3,  -1,   0,  10,   2,  -8,  -1,  -9,1478549975.265
   0,  -1,   0,  -2,   7,  12,  -1,   0,1478549975.287
   0,  -3,   0,   4,  -2,  -7,   3,   0,1478549975.287
   0,   0,   0,  -3,   3,   0,   2,  -2,1478549975.288
  -2,  -3,  -4,   7,   0,  -1,   1,   2,1478549975.288
  -2,  -2,   0,  -5,   2,   2,   0,   0,1478549975.300
  -2,  -1,  -2,   1,  -8,  -8,  -2,  -2,1478549975.300
   1,   0,  -1,  -2, -19, -11,  -3,   0,1478549975.309
   0,  -2,  -2,  -1,  11,   9,  -1,  -2,1478549975.309
   0,  -2,   2,   1,   0,  -3,  -2,  -3,1478549975.323
  -2,  -4,  -2,   3,   1,   3,   0,   0,1478549975.323
  -2,  -1,  -2,   2,   5,  -1,   1,  -2,1478549975.325
   0,   2,   2,   0,  -5,  -6,  -1,   0,1478549975.325
  -2,  -2,  -5,  -1,  -5,  -2,  -4,   0,1478549975.345
   0,   1,  -4,  -5,  -9,  -9,  -1,  -2,1478549975.345
   0,   0,   0,  -1,   1,  -3,  -2,  -4,1478549975.354
   0,   0,   2,  -1,   3,   4,   1,   1,1478549975.354
  -2,  -1,   1,   0,   4,   9,   3,  -1,1478549975.360
  -3,  -3,  -1,   1,  -4, -14,  -7,  -3,1478549975.360
  -3,  -3,  -3,  -1,  -3, -13,  -3,  -1,1478549975.367
   0,  -2,   0,   2,   0,   0,  -1,   0,1478549975.367
  -2,  -1,  -1,  -8, -16, -34,  -3,  -1,1478549975.384
  -2,  -3,   3,   7,  20,  42,   2,  -2,1478549975.384
  -1,  -1,  -2,   3,  10,  15,   4,   1,1478549975.385
   0,   0,  -2,  -4,  -7,  -1,  -2,   0,1478549975.385
   1,  -3,  -4,  -5,   7,   0,  -1,  -1,1478549975.406
  -1,  -2,  -5,  -4,  -2,  -6,  -4,   0,1478549975.406
  -2,  -2,  -1,   4, -17,   4,  -3,  -1,1478549975.407
  -2,  -1,  -2,  -2, -10, -15,  -3,  -1,1478549975.407
  -1,   0,   1,  -4, -17,   0,  -1,  -3,1478549975.420
  -2,  -4,  -4,  -2,  15,  -1,  -1,  -3,1478549975.420
   0,   0,   2,   1,  23,  12,  -1,  -1,1478549975.435
  -1,  -1,   2,  -2,   8,   7,   0,   0,1478549975.435
   0,  -1,  -4,  -4, -35, -10,  -2,  -2,1478549975.443
  -2,  -1,   0,   4, -14,   3,  -1,  -2,1478549975.443
  -3,  -2,  -1,  -1,  13, -28,  -4,  -1,1478549975.445
   4,   3,  -3,  -8,  -3,  75,   7,  -2,1478549975.445
  13,  -6, -11,   0,  13, -87, -20,  -5,1478549975.466
   5,   0,  -2, -12, -52,  46,   4, -13,1478549975.466
 -33,  -9,  -2,   2,  11,   6,  -2, -11,1478549975.467
 -37,   3,   8,  19,  37,  20,   3,  31,1478549975.467
 -43, -20, -18, -20,  19,  47,   8, -25,1478549975.480
 112,  22,  10,   8,   7, -40,   0,   3,1478549975.480
 -59, -18, -21,  -2, -12,  -7,  -7,  18,1478549975.487
 -17,   8,  11,   7, -22,  -2, -10, -44,1478549975.487
  32, -13, -10,  -3,  11,  18,   7,  57,1478549975.503
 -58,  -7,   3,  11,  24, -58,  -5,  -9,1478549975.503
  94,   6, -25, -29,  -9,  27,  11,  13,1478549975.505
  22,  18,  29,  -6,  14,  -3,   0, -40,1478549975.505
 -54, -20, -15,  -3,  -2, -81, -11,  62,1478549975.526
  34,  19,  19, -10, -22, 107,   9, -33,1478549975.526
 -79, -20,  -5, -19, -91,-121, -40,  17,1478549975.527
  31,  -6,  -9, -17,  46,  37,  21,  -2,1478549975.527
  29,  11,  12,  22,  -9,  47,   0, -38,1478549975.539
 -21,  -6,  -9, -22, -10, -51,  -5,  23,1478549975.539
  29,   9,   8,  23,  84,  64,  60, -24,1478549975.549
  -6,   2,   2,   1, -26, -71,  -3,   2,1478549975.549
   5,   9,  11,   3, -41, -30, -64, -11,1478549975.564
 -35, -19, -18,   1,  48,  75,  61,  -8,1478549975.564
 117,  18,  -5, -45,   9, -94, -53, -14,1478549975.566
 -84,  -6,   9,  72,  56,   4,   5,  23,1478549975.566
 -77, -33, -21, -34,   3,  66,  34,  -9,1478549975.587
  34,  -9, -14,  -6, -40,-128, -70,  40,1478549975.587
 -29,  35,  47,  16, -38,  98,  19, -41,1478549975.588
 113,   7, -25, -16,  73, -22,  22,  73,1478549975.588
 -47, -28, -18,  33, -22, -68, -11, -15,1478549975.600
  -1,  11,  30, -14, -62, -85, -38, -13,1478549975.600
 -78,   0,  27,  60, 125, 127,  37,  46,1478549975.609
   1,  24,  -1, -58,-128,-128, -31, -72,1478549975.610
  92,  22, -17,  -7,  98,  90,  25, -56,1478549975.624
-119, -14, -15,  14,  31, 112,  -8,  47,1478549975.624
  65, -35,  24,   3, -86, -34,   4,  61,1478549975.626
  35,  23, -39, -77, -23,  -8, -14,  45,1478549975.626
  -4,  11,  18,  11,  39,  26, -21,  34,1478549975.647
  71,  36,   9,  65,  99,  -9, 127, -29,1478549975.647
-107, -51, -43,  -3,  99,  15, -54, -15,1478549975.648
 -15, -48,  -3, -20, -56, 127, -56, -16,1478549975.648
  67,  29,  22, -18, -90, -99, 104,  35,1478549975.660
 -21,  20,  -6,  -8, -23, -56,-128,-121,1478549975.660
 103, -60,   9, -12,  -6,  23, -19,  57,1478549975.669
 -62, -38, -36,  75, 127,  81,  -9, -95,1478549975.669
-105,  14,   6,  -4, 101,  94,  62,  65,1478549975.692
 -21, -13,  14, -17, -89,-104, -69,  -1,1478549975.692
  21,  28,  -4,  16, -23, -34,  44, -57,1478549975.694
  -6, -16, -12, -23,  13, 104,  50, 101,1478549975.694
  51,   6,  -5, -22, -49, -60, -56, -46,1478549975.714
 -21,  -7,  -1,   7,  22,   1,  23,  22,1478549975.714
  29,  34,   0, -59,-114,  -4,   0,  12,1478549975.716
 -21,  -5,   2,  56,  83, -37, -17, -32,1478549975.716
  40,   4,  -5,  -1,  86,  45, 116,  13,1478549975.737
 -73, -42, -12, -69, -26, -29, -74,  56,1478549975.737
  11,  13,  15,  27,   5, -64, -17,  23,1478549975.739
  29,  24,  18, -28, -91,-123, -36, -90,1478549975.739
  -8, -52, -20,  16,  81,  74,  11,  38,1478549975.744
  38,   5,  12,  15,  -2,  33,  28,   5,1478549975.744
 -10,  13,  -9,  11,   9,  22,  68, -16,1478549975.746
  12,   8,  -2, -56, -60, -90, -29,   3,1478549975.746
 -37,  -2,   7, -28,-103, -25, -31,  -5,1478549975.782
  30,   0, -10,  57, 123,  69, -15,  -6,1478549975.782
 -40,   6,   0,  12,   5,  43,   6, -24,1478549975.784
   2,  -9,  -6,  15,  32,   3,  36,   1,1478549975.784
  21,   7,  -3, -22,-120, -56, -52, -38,1478549975.785
  -7,  -5,  -1,  -6,  17,  43,  60,  -3,1478549975.785
  22,  11,  -6,   3,  -9, -49, -30, -15,1478549975.789
  46,  -7,  -1, -15,  37,  -4,  -6,  25,1478549975.794
 -77,  -4,  -7, -23, -18,  50, -13, -30,1478549975.804
  40,  -4, -14,   3,  52,  33,  24,   8,1478549975.804
 -56,  -2,   2,  -6, -10, -35, -33, -20,1478549975.827
   7,   1,  13,  16,   2,  23,  20,  22,1478549975.827
  14,  16,  20,  31,  33, -21, -25, -11,1478549975.828
   8,  -4, -15, -18, -71, -17,  11,  -4,1478549975.828
  -5,  -5, -12,  -3,  25, -15,  -9, -23,1478549975.830
 -18,  -6,   2,   3, -25,  15,  30,   7,1478549975.830
  31,  10,   8,  17,  -5, -29, -26, -10,1478549975.840
  -6,   0,   4,   1,  -9,  -5,   3,   6,1478549975.840
   5,   2,  -3, -14,   8,  15,   3,  -9,1478549975.849
 -12,   1,  13,  14,  -6,   3,   5,  24,1478549975.849
  13,   7,  10,  -1,  12, -17, -17, -18,1478549975.872
  -2,  -9, -22, -18, -11,   8,  -2,  -9,1478549975.872
 -10,  -3,  -8,   3, -15, -18,   8,  -2,1478549975.873
  -5,   3,   4,  -8,  -1,   3,  -7,  -2,1478549975.873
   6,   0,   4,  29,  19,   0, -13,  -7,1478549975.886
   1,   2,  -1, -46, -17,  16,  36,   7,1478549975.887
   6,   3,  -2,  -1,  -2, -23, -17,  -5,1478549975.888
 -10,  -2,  -1,  -7, -20,  -3,  -7,  -2,1478549975.888
  11,   3,   6,  39,  12,  -1, -14,   6,1478549975.900
  -1,   0,   0,  14,   2,  -9,  -2,  -3,1478549975.900
  -3,  -1,  -1, -28,  -2,  -1,  -4,  -3,1478549975.909
  -4,  -4,   2,   8,   2,   1,   6,  -4,1478549975.909
   2,   1,   7,   5,  11,  -1,  15,  -5,1478549975.924
  -1,   2,  -5, -10, -20,  -4,  16,   4,1478549975.924
   0,   1,   2,  23,  29,   5,  12,  -3,1478549975.926
  -8,  -4, -11, -13, -37,  -2,  12,  -4,1478549975.926
   2,  -2, -11, -46, -22,  -8,  -4, -10,1478549975.945
   2,   3,  12,  14,  11,   1,  -3,   4,1478549975.945
   4,   0,  -1,  -1,  10,   1,  -6,  -4,1478549975.962
  -2,  -3,   1,   6,  -9,  -1, -13,   6,1478549975.962
   2,   0,   5,  28,  18,  -2, -11,   0,1478549975.963
  -1,  -3,  -2,   0,  -7,  -2,   7,  -5,1478549975.963
  -3,  -3,  -7, -13, -13,  -2,  17,  -2,1478549975.969
   0,   1,   5,   1,   4,  -4,  28,   0,1478549975.969
   1,  -2,  -7,  -8,   1,  -2,  13,  -2,1478549975.991
  -1,   0,   1,  10,  -1,  -1,  10,   1,1478549975.991
  -4,  -3,  -5, -11, -13,  -3,  -4,  -4,1478549975.993
  -2,  -2,   1,  15,   5,  -6, -18,  -3,1478549975.993
   2,   0,  -2,  -8,  -6,   0, -23,  -2,1478549976.006
  -1,  -1,  -2,  -7,  -4,   1, -27,  -2,1478549976.006
  -1,   0,  -1,   8,   5,  -1, -22,  -1,1478549976.008
  -2,  -1,  -1,   9,   9,   0, -17,   0,1478549976.008
  -1,   0,   2,  -9,  -8,  -5,  -8,  -4,1478549976.020
   1,  -2,   2,  -2,   4,  -3,  -9,   0,1478549976.020
  -3,  -2,  -4,   2,  -4,   0,  -3,  -2,1478549976.029
  -1,  -3,  -2,   1,   6,   0,  -2,  -4,1478549976.029
   1,   1,  -1,   0, -10,  -2,  -4,  -1,1478549976.044
  -3,  -1,   1,   2,   5,   4,  -8,   0,1478549976.044
  -1,  -1,  -4, -13,  -9,   1,  -8,   0,1478549976.045
  -5,   0,   0,  17,   8,   2,  -7,  -1,1478549976.045
  -1,   1,  -1,  -6,  -6,   0,  -4,  -2,1478549976.065
   0,  -2,  -1,  -5,  -5,  -1,  -8,  -1,1478549976.066
   1,  -3,  -1,   1,   1,  -3,  -4,   0,1478549976.074
  -1,  -2,  -1,  -4,  -4,  -3,  -3,   0,1478549976.074
   1,   0,   0,   5,   6,  -4,  -3,  -2,1478549976.080
  -3,   0,  -2,   7,   1,  -2,  -2,  -1,1478549976.080
   1,   0,  -1,  -2,  -2,  -3,   3,  -2,1478549976.089
  -2,  -1,  -1,  -7,  -7,  -2,   4,   1,1478549976.089
  -1,  -2,  -1,   8,   2,   0,   2,   1,1478549976.104
   0,   0,   1,  -7,  -4,   0,   3,  -1,1478549976.104
  -2,   0,   1,  11,   5,   1,   2,  -1,1478549976.105
  -5,  -3,  -3, -11, -12,   0,   2,  -3,1478549976.105
   1,   1,   0,   6,   5,   0,   1,  -1,1478549976.126
  -1,  -3,  -4, -28,  -9,  -1,  -1,  -1,1478549976.126
  -4,  -2,   0,  18,  14,  -3,  -3,  -3,1478549976.128
   1,  -3,  -3, -12,  -8,  -3,  -1,   3,1478549976.128
  -3,  -1,  -1,   1,  -3,   0,  -2,  -3,1478549976.140
  -1,   0,   4,   3,   1,   0,   2,  -2,1478549976.140
   0,   0,   0,  11,   6,   3,   1,  -1,1478549976.149
   0,  -1,  -5, -11,  -1,   3,   0,   0,1478549976.149
  -1,  -2,   1,   5,   9,   3,  -2,   0,1478549976.163
  -2,   0,   0,   0,   3,   0,  -5,  -2,1478549976.163
   0,  -2,  -5, -12, -10,  -2,   0,  -1,1478549976.170
   1,   0,   2,  20,   6,  -2,   0,  -1,1478549976.170
   1,  -1,  -5, -19,  -5,  -2,   1,   0,1478549976.186
  -1,  -2,   0,  10,   0,  -2,   1,   0,1478549976.186
   0,   0,   5,   7,  17,  -5,  -2,   0,1478549976.188
  -2,  -1,  -5, -21, -26,  -6,  -4,  -3,1478549976.188
  -2,   0,   2,   2,  -1,   0,  -1,  -3,1478549976.209
   0,   0,  -4,   1,   0,  -2,  -1,   0,1478549976.209
  -1,  -2,  -2,  -8,  -6,   0,  -2,  -1,1478549976.210
  -2,   1,   1,   4,   7,   2,   4,  -1,1478549976.210
  -2,  -2,  -1,  -4,  -2,  -1,   1,  -3,1478549976.224
  -1,  -2,  -4,   6,  -5,  -1,   0,  -1,1478549976.224
  -1,  -1,   0,  -2,  -5,  -1,   3,  -1,1478549976.226
   0,   0,  -1,   0,  -2,   1,   2,   0,1478549976.226
  -2,   0,   1,  13,   6,  -1,   0,   2,1478549976.246
  -2,  -2,  -6, -14,  -7,  -1,   2,  -1,1478549976.246
  -1,  -1,  -2, -11,  -9,  -3,  -3,  -2,1478549976.248
   0,   2,   4,  -4,   1,   2,   0,   0,1478549976.248
  -1,  -4,  -1,  27,  20,  -4,   1,   1,1478549976.269
  -2,  -3,  -5, -21, -24,  -4,  -2,  -3,1478549976.269
  -1,  -1,  -1,   0,  -3,   0,  -1,  -2,1478549976.270
  -2,   1,   0,  -4,   0,  -1,  -2,  -1,1478549976.270
   0,  -1,   4,   5,   5,   2,  -1,  -1,1478549976.284
   0,  -1,   1,  12,  11,  -1,  -1,  -2,1478549976.284
  -1,  -2,  -4,  -7,  -7,  -1,   0,  -2,1478549976.285
  -1,  -3,   1,   6,   2,  -1,   2,   0,1478549976.285
  -1,  -2,  -1, -15,  -7,  -2,  -1,   1,1478549976.306
   1,  -1,   2,   9,   7,   0,  -1,  -1,1478549976.306
  -3,  -3,  -7, -12,  -9,  -3,  -2,   0,1478549976.308
   0,  -2,  -1,   6,   2,  -2,  -2,   0,1478549976.308
   0,   0,  -2,  -9,  -5,  -2,   0,  -2,1478549976.329
  -2,  -2,  -2,   5,   2,  -2,  -1,  -1,1478549976.329
   0,  -1,  -1,  -3,  -8,   0,  -1,  -1,1478549976.330
  -2,  -2,  -3,  11,   2,  -1,  -3,  -2,1478549976.330
  -3,  -2,  -4, -13, -10,  -3,  -1,  -1,1478549976.343
   0,  -1,   1,   3,   2,  -2,   1,  -1,1478549976.343
   0,   1,   0,  -2,   2,  -1,  -1,   0,1478549976.350
  -3,  -3,  -3,   5,  -1,  -2,  -3,  -2,1478549976.350
  -2,   1,   1,  -7,  -7,   2,   0,  -1,1478549976.366
  -2,  -2,   2,   5,  14,  -1,   0,  -2,1478549976.366
  -1,  -1,  -2,  -2,  -6,  -1,  -1,  -2,1478549976.368
   1,   0,   2,   1,   0,   0,   0,  -1,1478549976.368
  -1,  -2,   0,   1,   3,  -1,   0,  -1,1478549976.389
  -1,  -2,  -2, -16,  -9,  -1,   0,   0,1478549976.389
  -1,  -1,  -1,   8,   2,  -1,  -1,  -1,1478549976.390
   0,   0,  -4, -10,  -5,   1,  -2,  -2,1478549976.390
  -2,   0,  -2,   0,  -2,   1,  -1,  -1,1478549976.403
   0,  -1,  -1,   2,   0,  -3,  -1,  -1,1478549976.403
   0,  -1,   1,   1,   2,  -1,   0,   0,1478549976.410
  -2,   0,  -2,  -1,  -1,  -4,   0,  -1,1478549976.410
   0,   0,  -2,  -6,  -3,  -1,  -1,  -1,1478549976.426
   0,  -1,  -1,   7,   3,   0,   2,   1,1478549976.426
  -1,   0,  -1,  -2,  -1,  -1,   0,   0,1478549976.428
  -1,  -2,   0,   3,   2,  -1,  -1,  -2,1478549976.428
  -1,  -3,  -3,  -5,  -3,   0,  -1,  -3,1478549976.448
   1,   0,  -4,   1,   0,   1,  -2,  -1,1478549976.449
   0,   1,   1,  -2,   0,  -3,   0,   0,1478549976.450
   1,   2,   2,  -1,  -2,  -3,   1,   0,1478549976.450
  -2,   2,   1,  -1,  -3,  -4,   0,  -8,1478549976.463
  -1,  -5,  -1,   0,  -4,   1,   1,   3,1478549976.463
  -1,   0,   2,  -1,   0,   0,  -2,  -2,1478549976.471
  -3,  -4,  -6,  -6,  -7,  -5,  -4,   0,1478549976.471
  -1,   3,   0,  -5,   6,   2,   1,   0,1478549976.486
  -4,  -2,  -4,   0, -15,  -4,  -2,  -3,1478549976.486
  -2,  -2,  -1,   4,   0,  -2,  -3,  -3,1478549976.487
   0,   1,   3,   8,   7,   3,  -1,  -1,1478549976.487
  -1,  -4,  -2,  -1,  -1,   1,   1,   0,1478549976.508
  -2,  -3,   1,  -5,   7,  -2,  -3,  -2,1478549976.508
   0,  -4,  -2,  -7, -11,  -2,  -3,   0,1478549976.510
   0,  -1,  -1,   0,  -3,   1,  -1,   0,1478549976.515
   0,  -1,   0,  -1,  -1,  -1,  -3,   2,1478549976.523
   0,   0,   1,  12,  11,  -1,   0,   1,1478549976.523
   0,   0,   4, -13,  -6,  -2,  -1,  -3,1478549976.529
  -3,  -5,  -6,  29,   3,  -5,  -4,  -4,1478549976.530
  -3,  -3,  -3,  -7,  -8,  -2,  -3,   1,1478549976.546
  -2,  -1,   0,   9,   3,   1,  -2,  -1,1478549976.546
  -1,   0,  -3,  -7,   0,   1,   2,   1,1478549976.547
   1,   0,  -1,  -6,   0,   0,  -2,  -2,1478549976.547
   0,   0,   0,   4,   2,   1,   1,   0,1478549976.568
  -2,   0,  -3,  -5,  -5,  -1,   2,  -2,1478549976.568
   0,  -1,  -1,   4,  -1,  -2,   0,  -1,1478549976.570
   0,   0,   1,  -8,   1,   0,   0,   0,1478549976.570
  -1,  -3,   0,  -2,  -5,  -2,  -3,  -2,1478549976.583
   0,   2,   1, -13,  -3,  -1,  -1,   0,1478549976.583
  -2,  -1,  -6,  -3,  -8,   0,  -1,  -1,1478549976.589
   0,  -2,  -2,  -3,   8,  -4,   0,   0,1478549976.590
   0,  -3,  -5,  -2, -14,  -4,  -3,  -2,1478549976.607
   1,   0,  -1,   0,  -2,   1,   1,  -2,1478549976.607
   0,   0,  -1,  -5,   3,   1,  -1,   1,1478549976.608
   0,   0,  -2,  -6,  -1,   0,  -1,   0,1478549976.608
  -1,   1,  -1,  -1,   1,   0,  -1,   0,1478549976.629
  -2,   1,  -2,   2,  -4,   0,  -2,  -2,1478549976.629
   0,  -1,   0,   1,   3,   0,  -2,  -1,1478549976.631
  -1,   0,  -1, -14,  -5,   1,   0,   0,1478549976.631
  -2,  -3,  -2,   2,   1,  -3,  -1,  -1,1478549976.644
  -2,  -2,  -2,  -5,  -4,  -1,  -1,  -2,1478549976.644
  -3,  -2,  -2,   3,   4,   1,  -1,   0,1478549976.650
  -1,   1,   0,   1,  -5,   1,   1,   0,1478549976.650
   1,  -1,  -1,  -7,   2,  -4,  -1,  -1,1478549976.666
  -2,  -3,  -2,   5,  -3,  -3,   1,  -2,1478549976.666
  -1,  -2,  -1,   1,   0,   0,  -3,  -1,1478549976.674
   0,  -1,   3,  -2,   0,   2,  -2,  -2,1478549976.674
   0,   1,   0,  -1,   2,   1,  -1,  -2,1478549976.689
   0,  -1,  -3,  -4,  -7,  -2,  -1,  -1,1478549976.689
  -1,  -2,  -3,   3,   3,  -5,   0,  -2,1478549976.691
  -1,   0,   1,   1,  -2,   0,  -1,   0,1478549976.691
   0,  -2,  -3,   4,   2,   0,  -2,   0,1478549976.703
  -2,   0,  -2, -13,  -4,  -2,  -1,  -2,1478549976.703
  -1,   0,   3,   3,   1,  -1,   0,   0,1478549976.712
   1,  -2,  -2,   0,  -1,   1,   0,  -1,1478549976.712
  -2,  -1,  -2,  -8,  -2,  -1,  -2,  -2,1478549976.727
   0,   1,  -1,  -4,   3,  -2,  -3,  -1,1478549976.727
  -2,  -1,  -3,   7,  -1,  -1,  -3,  -3,1478549976.728
   0,   0,   0,  -3,   1,  -1,   0,   0,1478549976.728
  -1,  -1,   0,  -3,  -1,   3,   1,  -1,1478549976.749
   1,  -3,  -1,   3,   1,  -1,   1,   0,1478549976.749
  -1,  -2,   2,  -6,  -1,   1,   2,  -1,1478549976.751
  -1,  -2,   1,  -3,  -3,  -1,  -1,  -2,1478549976.751
   0,  -2,  -1,   5,  -1,  -5,   0,  -2,1478549976.763
   0,   0,   5,  -2,   2,  -2,   0,   1,1478549976.763
   0,  -2,  -1,  15,   2,  -1,  -3,  -1,1478549976.772
  -4,  -1,  -3,  -8,  -5,  -2,  -3,  -2,1478549976.772
  -2,  -2,   0,  -2,  -9,  -2,  -2,   1,1478549976.787
   0,   1,   1,   1,   4,   2,  -2,  -1,1478549976.787
  -2,  -1,  -3, -11,  -2,  -1,   0,  -1,1478549976.788
  -2,  -1,  -4,   4,   0,  -1,  -1,  -2,1478549976.788
  -1,   0,  -1,   7,   0,   0,   0,  -2,1478549976.809
  -2,  -1,  -1,  10,   1,  -2,  -1,  -2,1478549976.809
   1,   0,   1,  -4,  -2,  -1,   2,  -2,1478549976.811
  -2,  -3,  -1,   0,   0,  -4,   0,  -1,1478549976.811
   0,  -1,   1,  -7,  -4,  -1,   0,   0,1478549976.823
   0,  -3,  -3,  -2,  -6,   1,   1,   0,1478549976.823
  -1,   1,  -1,   2,   0,   1,  -2,  -1,1478549976.832
  -1,  -1,   0,  -8,   0,   0,  -1,  -2,1478549976.832
  -2,  -5,  -5,  20,  -2,  -6,  -4,  -2,1478549976.847
   0,   0,  -1,  -3,  -5,   0,  -2,  -1,1478549976.847
  -1,  -2,   0,  -5,  -1,   0,  -1,   0,1478549976.848
   0,   0,   1,  -4,  -3,   0,  -3,   0,1478549976.848
  -2,   1,   2,  -3,   4,   1,  -1,  -1,1478549976.869
  -3,  -4,  -2,   5,  -1,  -1,  -2,   0,1478549976.869
   0,  -2,  -4,  -5,  -5,   0,  -2,  -2,1478549976.871
   0,  -1,   0,   6,   1,   0,   1,  -2,1478549976.876
  -1,   1,  -3,  -8,  -4,   3,   0,  -1,1478549976.883
   0,   1,   1,   0,   5,  -2,  -1,  -1,1478549976.883
  -1,   0,  -4,  -8,  -5,  -1,  -1,   0,1478549976.892
  -1,  -3,  -5,  -4, -11,  -4,  -3,  -1,1478549976.892
   0,  -1,  -1, -10,   0,  -4,  -2,  -1,1478549976.907
  -2,  -1,   0,  10,   1,  -1,  -2,  -2,1478549976.907
  -1,  -2,  -1,  -7,  -2,   0,   1,   0,1478549976.908
   0,  -1,   1,   4,   3,  -2,   0,  -3,1478549976.908
   0,  -1,  -1,   1,  -5,   0,   0,   0,1478549976.929
  -1,  -1,  -1,  -4,   0,  -1,  -1,   0,1478549976.929
  -2,  -1,  -1,   4,  -2,  -2,  -5,  -2,1478549976.930
  -3,  -2,   0,  -5,  -1,  -3,  -1,  -1,1478549976.930
  -2,  -2,  -1,   6,   1,  -2,  -1,   0,1478549976.943
  -1,  -3,  -3,  -2,  -3,   0,   0,  -3,1478549976.943
   1,  -1,  -1,   0,   2,   1,  -1,  -2,1478549976.951
   0,  -2,  -4,   1,  -5,  -1,   0,  -3,1478549976.952
   0,  -1,  -1,   2,   4,   2,   2,   0,1478549976.966
  -2,  -1,  -2,  -6,  -2,   3,   1,   0,1478549976.967
  -3,   0,  -1,  -2,  -4,  -5,  -3,  -1,1478549976.968
  -2,  -1,   0,   0,   2,  -1,  -3,  -1,1478549976.968
  -2,  -1,   0,   1,  -1,  -3,   0,  -1,1478549976.989
   0,  -3,  -3,  -1,  -2,  -3,   1,  -3,1478549976.989
  -1,  -2,  -1,  -2,   0,  -2,   0,   1,1478549976.990
  -1,   0,  -3,  -2,  -7,  -5,  -1,  -1,1478549976.990
   1,   0,  -1,  -6,   2,   7,  -1,  -1,1478549977.003
  -1,  -2,   0,  -7,  -4,  -4,  -2,   0,1478549977.003
  -2,   0,  -1,   6,   0,  -1,   0,  -3,1478549977.019
  -2,   1,  -1,   0,   1,  -1,  -3,   0,1478549977.019
   0,   1,   0,  -8,  -5,  -3,   0,  -2,1478549977.026
  -1,   0,   0,  -3,   0,  -1,   0,  -1,1478549977.026
  -2,  -4,  -1,   9,   2,   0,   1,  -2,1478549977.028
  -1,  -2,   0,  -5,  -2,  -1,  -1,  -2,1478549977.028
  -2,   0,  -1,  -2,   2,  -1,  -1,  -1,1478549977.049
   1,   0,  -1,  -4,  -2,  -2,  -4,  -1,1478549977.049
   1,  -2,  -2,   0,  -2,  -7,  -1,  -3,1478549977.050
   1,  -2,  -2,  -1,   2,   2,  -2,  -2,1478549977.051
   0,  -3,   1,   1,   2,  -5,  -1,  -2,1478549977.062
  -2,  -2,   0,   3,  -1,  -1,  -2,   0,1478549977.063
  -2,   0,   0, -10,  -7,  -2,   0,   0,1478549977.072
  -1,   1,  -3,   1,  -2,   2,   2,   1,1478549977.072
  -2,  -1,  -2,  -1,   2,   1,   0,   0,1478549977.086
  -1,   0,   0,  -1,   0,   0,   1,  -2,1478549977.086
   0,   1,   0,   0,  -1,   2,  -2,   0,1478549977.092
   0,  -1,  -1,  -3,   0,  -4,   0,  -1,1478549977.092
   2,  -1,  -3,  -3,   4,  -5,  -1,  -3,1478549977.109
   0,  -1,   0,   0,   0,  -3,   0,   0,1478549977.109
  -2,  -1,  -3,   0, -17,  -5,  -2,  -3,1478549977.110
  -3,   0,  -4,  -9,  -6,  -6,   0,  -2,1478549977.110
  -1,  -1,  -2,   0,   0,  10,  -5,   0,1478549977.131
   0,   0,   1,   1,   5,  -5,   1,  -1,1478549977.131
  -1,   0,   0,   0,   3,   5,   0,   0,1478549977.133
  -2,  -2,   1,   2,   0,   1,  -1,  -2,1478549977.133
   0,  -2,  -1,  -3, -12,  -6,   0,  -3,1478549977.146
  -3,  -3,  -5,  -3,   9,  22,   1,  -1,1478549977.153
  -2,  -1,   2,   6,  18,  -3,  -1,   0,1478549977.153
  -1,  -1,  -3, -16, -40, -68,   5,  -1,1478549977.153
  -1,   0,  -3,  -2,  -2,  35, -11,  -3,1478549977.169
  -1,   1,  -4,  -1,  -8, -23,  -2,  -3,1478549977.169
   1,   1,   3,  -1,   7,  -9,   5,  -1,1478549977.170
  -2,  -1,   3,   6,  16,  19,   3,   0,1478549977.170
   0,  -1,   0,  -1,  -3, -13,  -1,  -1,1478549977.191
   0,  -2,  -2,  -3,   1,   5,  -3,  -1,1478549977.191
  -2,  -2,  -4,  -3, -15,  -9,  -5,  -1,1478549977.193
   1,  -3,  -1,   2,   5,   9,  -6,  -2,1478549977.193
  -3,  -2,   2,   1,  -4,  -6,   3,   1,1478549977.206
  -2,  -2,  -2,   1,   1,   7,  -4,  -1,1478549977.206
   0,  -1,  -1,  -4,   3,  -2,   1,  -2,1478549977.212
   0,  -1,  -1,   2,   2,   3,  -1,   1,1478549977.212
  -1,  -3,   0,   1,  -1,  10,  -2,  -2,1478549977.229
   0,  -2,  -4,  -2,  -6, -10,  -3,   1,1478549977.229
   0,   1,   0,   3,   7,  -2,  20,  -5,1478549977.230
  -1,   0,  -3,  -3,   3,  32,  -6,  -2,1478549977.230
  -1,  -2,  -1,   0,  -4, -39, -13,  -6,1478549977.251
   1,  -3,  -1,   0,  13,  70,  18,   1,1478549977.251
   2,  -2,  -2, -10, -22, -52, -18,   5,1478549977.253
   0,  -1,   0,   7,  -3,  14,  15,   3,1478549977.253
  -2,   0,  -1, -11, -11, -54, -24,  -3,1478549977.265
  -3,  -3,   0,   8, -11,  -7,  -6,  -5,1478549977.265
   0,  -2,   1,   2,   1,  23,   3,   2,1478549977.272
  -6,  -5,  -3,   1,  12,   3, -22,  -8,1478549977.272
   1,   1,   3,  -1,   5,   4,   8,   1,1478549977.289
   1,   2,  -1,  -1, -11, -12,   3,   0,1478549977.289
  -1,  -1,  -4,  -6, -22,   4,   4,  -4,1478549977.290
  -1,   0,   1,   0,  -1, -41, -25,  -4,1478549977.290
   0,  -1,  -2,   1,   0,  31,   8,   2,1478549977.312
  -3,  -1,   1,  -5,   8, -50, -10,  -1,1478549977.312
   1,   0,   1,   0,   1,   0,   0,   0,1478549977.313
  -2,  -3,  -4,  -1,  -9, -12,  -7,  -4,1478549977.313
  -2,   1,   0,   2,  18,  47, -10,  -3,1478549977.325
   2,   0,   2,   2,   1,  -8,  10,   3,1478549977.326
  -1,  -4,  -4,  -5,  13, -17,  -7,  -1,1478549977.332
   2,  -2,  -8,  -9,  -3,  -1,  -2,   2,1478549977.332
  -2,   2,  12,   2, -35, -48,  17,   2,1478549977.349
  -1,   0,   4,   4,  15,  75,  -6,  -4,1478549977.349
   0,  -1,   3,   4,  12,  11,   0,   3,1478549977.350
  -1,  -4,  -8,  -1, -26,  -1,   8,  -1,1478549977.350
  -1,  -3,  -8,   9,  29,  14,  14,   3,1478549977.378
  -3,   0,   0,  -7, -37, -52, -10,  -5,1478549977.378
   1,   3,   1,   4,  53,  81,  18,   5,1478549977.380
  -1,  -2,   0,  12,  10,   3,  -1,  -1,1478549977.380
   0,   2,   8, -10, -29, -56,  -5,  -3,1478549977.394
  -1,   4,   3,   5, -16,  13, -10,  -3,1478549977.394
  -5, -12, -14,  -3,  -4,   0, -12, -11,1478549977.395
   3,   3,  16,   2,  11, -18,   5,  -2,1478549977.395
   1,   0,  -4,  -7, -24,  31,  -4,   2,1478549977.408
  -3,   0,  -2,  -2,  29,  21,  -1,  -7,1478549977.409
  -2,   1,   0,   2,   7, -19,  -5,  -2,1478549977.410
   0,  -2,  -6,   4,  13, -18,   6,   0,1478549977.415
   9,   3,  -2,  -8, -12,  -5,  -3,   0,1478549977.431
 -13,  -6,  -9,  -3, -41, -43,   1,   3,1478549977.431
   5,   2,   3,  -1,  -2,  28,  -2,  -1,1478549977.432
   0,  -3,   1,  -4,   6, -14,  10,   5,1478549977.432
  -6,  -7,  -6,  -4,  32,  34,  -3,  -4,1478549977.445
   7,   3,  -3,  -7, -22,  -6,   2,   5,1478549977.445
  -2,  -2,   0,   5,  -9, -15,   1,   2,1478549977.459
  -4,  -2,   3,   0,   1,  37,  -3,  -4,1478549977.460
   0,   1,  -3,  -1,  -1, -28,  -2,  -4,1478549977.468
   2,  -4,  -5,   3,  21,  49,   4,  -1,1478549977.468
  -3,   3,  10,   2, -13, -40,  -8,  -3,1478549977.470
   3,   1,   2,  -7, -18,  -6,   4,   2,1478549977.470
  -4,  -1,  -4,  -8,  -6,  26,   6,   2,1478549977.491
  -1,  -5,  -3,  -5,  -1, -34,  -7,  -5,1478549977.491
  -1,  -3,  -8,  -6, -33,   6,  -6,  -5,1478549977.492
   3,   2,  -1, -15,  -4,  -4,   4,   4,1478549977.492
   1,   0,   5,  30,  32, -30,   0,   3,1478549977.505
  -7,  -6, -19, -20, -12,  -8,  -4,  -6,1478549977.505
  -3,  -2,  -4,   5,  -7, -12,  -4,  -3,1478549977.513
  -4,  -4,  -7,   4,   6,  20,  -2,   0,1478549977.513
  -2,   0,   1, -14,   4,  12,   2,  -3,1478549977.528
   4,   0,   9,   9,   0,  -7,  -1,   1,1478549977.528
  -4,  -4,   0,  -3,  30,  11,  -1,  -4,1478549977.530
   1,   5,   6,  -1,   6,  40,   2,  -5,1478549977.530
   6,   0,  -5,   5, -11, -15,   0,   3,1478549977.551
  -2,   1,   0,  -1,   8,  14,   2,   5,1478549977.551
  -9,   6,   6,  -6, -31, -64,  -2, -32,1478549977.559
  41,   0,  -4,   1,   9,  22,  33, -20,1478549977.559
 -67,  -5,  -4,   0,   0,  20, -27,  68,1478549977.564
 -27,  -9,  -3,  -5, -12, -34,  10,  -8,1478549977.564
  20,   3,   2,  -2,  45,  23,  -5,   6,1478549977.573
   1,   6,   2,   0, -43, -21, -10,  -9,1478549977.573
  25,  -3,  -4,   1,   6,   7,  11, -20,1478549977.588
  15,   2,   2,  -3,   9, -18,   0,   5,1478549977.588
 -17,   1,  -2,   6,   6,  67,   2,   6,1478549977.590
   3,   0,  -2,   5,  28,  -2,   6,   5,1478549977.590
   5,  -2,  -4,  -5, -22, -13,  -2, -14,1478549977.618
  -7,   0,   2,   1,  23,  -5,  -7,   0,1478549977.618
   7,  -3,  -4,  -1, -16,  -8,   2,  -3,1478549977.620
 -14,  -5,  -3,  -2,  -4, -23, -17,   7,1478549977.620
   5,  -2,   1,  -6, -38,  15,  -3, -13,1478549977.624
   2,   3,   4, -14,   7, -21,   4,  -4,1478549977.624
   0,  -4, -10,  19, -13, -19,  -1,   2,1478549977.633
 -13,  -8, -12, -26, -43, -38, -12,   3,1478549977.633
  -2,   0,   4,   2,  39,  34,   9,  -7,1478549977.649
  12,   1,   7,   7,  12,  22,   4,   0,1478549977.649
   0,   1,  11,  11, -21,  -4,  -1,   7,1478549977.651
 -13,  -8, -16,   3, -12,   0,  -8,   2,1478549977.651
   6,  -5, -10,  -9, -24,  -7,   0, -12,1478549977.672
   0,   0,  -1,  -4,   7,  13,   0,   0,1478549977.672
   0,  -2,   1, -17,   5,  12,   6,   6,1478549977.673
  -5,   2,   7,  22,   8,   3,  -4,  -1,1478549977.673
   4,  -2,  -3,   2,  29, -14,   0,  -1,1478549977.685
  -1,  -1,   0,   5, -39, -17,  -5,  -2,1478549977.691
  -4,   0,   1,   1,  28,  -1,   2,   2,1478549977.694
  -1,   1,   3,  -5,   5,  12,  -3,  -3,1478549977.694
   0,   0,  -1,  -1,  -4,  -3,   0,  -4,1478549977.709
  -1,  -1,   0,   2,  -2,  13,  -1,   0,1478549977.709
   0,  -3,  -6,  -8, -16, -24,  -1,  -1,1478549977.711
  -4,  -2,   0,   0,  32,  12,  -1,   3,1478549977.711
   3,   1,   2,  -1,   7,   5,  -1,  -3,1478549977.732
  -4,  -1,  -4,  -1, -40, -24,  -6, -10,1478549977.732
  -1,  -4,  -6,  -9,  -8,   3,   1,   2,1478549977.733
  -3,   0,   3,   4,  17,  16,  -9,  -4,1478549977.733
  -3,  -2,   1,   6,   0, -12,   1,  -4,1478549977.745
   2,   3,   1,  -2,  17,   0,  -7,  -1,1478549977.745
  -1,  -2,   0,  -4,  -9,  -1,  -5,  -1,1478549977.754
   1,  -9, -16, -14, -48,  47,  23,  14,1478549977.754
  -1,  -3,   3,   6,  13, -56, -33, -13,1478549977.769
   0,  -1,   1,  -9,   4,   1,   8,  -1,1478549977.769
  -1,   3,   7,  -7,  24,  -1,  -3,   0,1478549977.771
  -3,  -2,  -2,   2,  41,  67,  18,   2,1478549977.771
  -2,  -4, -14, -29, -62, -30, -15,  -4,1478549977.791
   2,  -1,  -4,  -2,   8,  -1,   4,   4,1478549977.791
   1,   0,   3,   2, -10,  10,  16,   3,1478549977.798
   1,   3,   9,  -7, -11, -38,  -7,  -3,1478549977.798
  -1,   0,  -2,   5,  20,  28,  13,   0,1478549977.805
  -3,  -2,   0,   2,   7,  -1,  -9,  -4,1478549977.805
   0,  -2,  -8,  -9, -11,  -7,   3,   1,1478549977.814
  -4,   0,   2,   8,   1, -20,  -4,  -2,1478549977.814
  -6,  -4,  -2,  -3,   1,   5,   2,  -9,1478549977.829
   3,  -1,  -1,   5,  -3,   7,   4,   8,1478549977.829
  -5,  -3,  -5,   1,  -8,   2,  -1,   0,1478549977.831
   4,   1,   1,  -1,  -5, -20, -10,  -6,1478549977.831
   0,  -1,   0,   5,  21,  10,  11,   1,1478549977.852
  -3,  -3,   0,  -1,   8,  13,   4,  -2,1478549977.852
   3,  -1,  -5,  -3, -22, -13, -12,  -1,1478549977.853
  -4,   0,   1,  -5,  -7, -25, -10,  -3,1478549977.853
   2,   0,  -1,   0,  13,  13,   5,  10,1478549977.865
  -1,  -1,   1,   5,   4,   7,  -9,  -2,1478549977.865
  -4,  -4,  -4,   1,  -5, -12, -12,  -1,1478549977.874
  -2,   2,   4,  -2, -16,  -9,  -3,  -5,1478549977.874
  -1,  -2,   0,   8,  14,  13,  11,   5,1478549977.889
   3,   1,  -2,  -2,   5,   4,   0,  -3,1478549977.889
  -1,  -3,  -5,   7,   3,   1,  -2,  -2,1478549977.890
  -1,   0,   1,   4,   9,   9,  -6,  -1,1478549977.891
   2,   0,  -2,  -2, -13,   1,  17,   1,1478549977.911
  -4,  -2,   0,  -5,   3,  -4, -38,  -6,1478549977.912
  -3,  -3,  -8,   4, -33, -58,   3,  -2,1478549977.913
  -3,  -3,  -4,  -1, -13,  -1, -15,  -4,1478549977.913
   0,  -1,   1,   2,  12,  25,  15,   2,1478549977.925
   1,  -3,  -3,  -5, -10, -16,   8,   2,1478549977.925
   0,   2,   5,  -1,  21,  26,   3,  -5,1478549977.934
   1,  -3,  -2,   2,   6, -16,  -4,  -1,1478549977.934
   1,  -1,  -1,   1, -11,  -3,  -2,  -3,1478549977.948
  -2,  -1,   0,   0,  -2,   2,   6,   1,1478549977.948
  -2,   0,   1,  -6,   3, -12, -14,  -3,1478549977.956
  -2,   2,   1,   4,   3,  17,  12,   0,1478549977.957
  -2,   5,  -4, -18, -34,  -6, -11,   0,1478549977.971
  -1,   4,   0,  25,  42,   9,   2,  -3,1478549977.971
  -2,  -1,  -3, -15, -32,  -5,  -5,   0,1478549977.973
  -1,  -3,   2,   2,  23,   0,   1,   3,1478549977.973
  -2,  -4,   1,  -2,  -3,  -8,  -5,  -2,1478549977.985
  -3,  -3,  -9, -17, -21,  -5,  -4,  -9,1478549977.985
   3,   3,   6,   7,  33,  12,  10,   9,1478549977.994
   5,  -2, -10,  -2, -34, -13,  -2,   8,1478549977.994
  -3,  -3,   0,  -4,  -2,  -8,   2,  -3,1478549978.009
 -10,  -4,  -1,  21,  21,  40,  -7, -25,1478549978.009
   1,   0,   0, -17, -43, -51, -13,   3,1478549978.010
  -1,   0,   1,   4,   8,   2, -10,  -8,1478549978.010
   1,  -3,  -2, -13, -13,  -7,   0,  19,1478549978.031
   1,  -3,   0,   3,  13,  37,  18,   3,1478549978.031
  -2,  -2,   0,  10,  21,  36,   7,  -6,1478549978.033
   1,   1,   3,  -8, -35, -67,  -5,   3,1478549978.033
  -3,   0,  -4,   6,   8,  12,  -2,   8,1478549978.054
  -2,  -2,   0, -12,  -7, -43,  -7, -11,1478549978.054
  -1,  -3,  -3,  -4,   1,  17,   3,  -1,1478549978.061
  -4,  -1,   0,   3,  20,  16,  -6,  -6,1478549978.061
  -2,   1,   4,   1,  16,  12,  -1,  -8,1478549978.070
   2,   0,   3,  -9, -30, -35,   4,  15,1478549978.070
  -2,  -3,  -6,  11,   7,  -5,   5,  -8,1478549978.075
  -2,  -5,  -4,  -9,  -2,  38, -11,   0,1478549978.075
  -1,  -3,  -1,   4,   5, -14,  -4,  -7,1478549978.091
   3,   3,   0,   0,  -4,  18,   6,   7,1478549978.091
   0,  -1,  -1,  -2, -12, -13,  -4,  -4,1478549978.093
  -2,   0,  -2,  -1,  25,  34,  10,   3,1478549978.093
   1,   2,  -5,  -2, -19,  13,  -8,  -6,1478549978.114
  -1,   0,   4,   0,   7, -55,  -8,  -1,1478549978.114
  -3,   1,   6,   3,   2,   7,   1,  17,1478549978.115
  -5,  -4,  -5, -14,   8,  -8,   7, -13,1478549978.115
  -1,  -4,  -2,  20, -23, -10, -12, -13,1478549978.129
  -3,  -3,  -9, -14, -19, -18,   1,   6,1478549978.129
   1,   2,   4,   8,  31,  32,   1,  -2,1478549978.130
   0,   0,   5,   3,  16,   7,  -3,   2,1478549978.131
  -4,  -2,  -2, -10, -22, -26,  -8,  -6,1478549978.151
   0,  -1,  -2,  -1, -13,   0,   3,  -3,1478549978.151
  -1,  -1,  -3,  -6,   1,  15,   2,   0,1478549978.153
   2,   3,   2,  -5, -12, -21,   0,  -1,1478549978.153
   0,  -6,  -6,   5,  16,  14,  11,   1,1478549978.174
   0,  -1,  -3,  -2,  -5,   8,  -8,   3,1478549978.174
  -6,   0,  -2, -10,  -6,  -5, -12, -13,1478549978.175
  -2,  -1,  -3,   7,  -1, -15,   2,  -2,1478549978.175
  -3,   0,   2,  -2,   8,  -6,   3,   0,1478549978.189
  -6,   1,  -6,  -1,  -9,  13,   1,  -1,1478549978.189
   3,  -5,  -5,  -2,  11, -19,  -3,   4,1478549978.190
  -1,  -3,  -3,   1,  -9,   1,   8,   7,1478549978.190
  -2,   0,  -1,  -3,   3,   0,   0,  -2,1478549978.211
   6,   1,   3,  -1,  12,  -2,  -2,   2,1478549978.211
  -4,  -2,  -5,  -6, -13,   7,  -3,  -7,1478549978.213
  -3,   2,  -4,   6,   1,  -4,   0,   0,1478549978.213
   2, -10,  -4,  -5,  -9, -10,  -4,   1,1478549978.234
   0,  -2,   2,   5, -12, -12,   1,   1,1478549978.234
   0,   1,   0,  -3,   2,  18,  -3,  -3,1478549978.235
   0,   2,   3,  -4,  -8, -33,  -4,  -4,1478549978.235
  -2,   3,  -2,   0,   8,  -1,   4,   0,1478549978.248
  -3,  -3,   2,   0, -11, -20,  -4,  -2,1478549978.248
  -3,  -5,  -3,  -7,  -5,  24,   4,   0,1478549978.255
  21,  -3,  -2,   0,  10,  30,  -3,   0,1478549978.255
 -23,  -3,   0,   1,   4, -13,  -3,  -8,1478549978.271
   6,   0,  -4,  -1, -15, -27,   0,  -2,1478549978.271
   4,   1,  -2,   0,  -8,  -2,   0,  14,1478549978.273
 -19,  -7,   8,  -6,  -2, -26,  -1,  -8,1478549978.273
  22,   8,   4,   5,   9,  22,  -3,  14,1478549978.294
 -36,  -4,  -3,  -1,   4,  22,   0,  -2,1478549978.294
   6,  -9,  -1,  -2, -11, -39,  -6, -13,1478549978.295
   1,   2,  -4,   0,   4,  20,  -2,  -5,1478549978.295
  36,   5,   3,  -2, -17, -28,   4,   6,1478549978.309
 -32,  -1,   2,   0,  18,  27,  -9, -22,1478549978.309
  34,   3,  -1,  -3,  -4,   6,   0,  15,1478549978.315
 -39,  -4,  -4,   0,   0,  -5,  17,  12,1478549978.320
   4,  -3,  -2,  -2,   7,  10,  -5,  -5,1478549978.339
  23,   1,  -2,   0,  -6,   1,   6,   4,1478549978.339
 -10,  -4,  -3,  -3,   1,   5,  -2,  -9,1478549978.340
  -1,   1,  -1,   2,   3,   1,  -3,   2,1478549978.340
  -3,   2,  -4,   0, -12, -59,  -9,  -7,1478549978.354
   3,  -3,  -2,  -2,   2,  30,   3,   1,1478549978.354
 -15,   9,   9,   3,   4,   4,   3,   0,1478549978.355
  18,  -7,  -8,  -2,   0,  10,  -3,   2,1478549978.355
 -16,  -2,  -2,  -3, -12, -27,  10,  -6,1478549978.368
   7,   0,   0,   0,   2,  20, -19,   2,1478549978.368
 -11,  -1,   2,   4,  12,  -5,   2,  -8,1478549978.375
   6,   1,   1,  -1, -16,  28,   1,  -3,1478549978.375
 -11,  -4,  -3,  -2,   7, -45, -22,  -2,1478549978.391
   7,   2,   1,  -4,   8,  54,  11,   9,1478549978.391
   1,   0,  -3,  -8,  -2,  -3,   2,   0,1478549978.393
  -5,  -2,  -3,   6,   5,  -3, -11,  -7,1478549978.393
  -5,  -2,  -2,  -8,  -7,  44,  22,   7,1478549978.413
   7,  -1,   0,   5,  -7, -26,   0,   3,1478549978.414
  -6,   1,   4, -21, -52,  11,   4,  -1,1478549978.415
   1,  -1,   4,  47,  60, -50,   2,  -3,1478549978.415
  -6,  -2,  -7, -34, -50,  74, -10,  -7,1478549978.428
  -2,  -3,  -7,   8,   2, -72,  -5,   0,1478549978.428
  -6,  -1,  -2,   3,  18,  35,  -7,  -6,1478549978.435
   2,   3,   6, -11, -18, -22,  -1,   0,1478549978.435
   1,   0,   4,   8,  30, -11,  -6,  -4,1478549978.451
  -2,  -3,   1,  -2,   6,  24,   6,   1,1478549978.451
  -3,  -1,  -1,  -3,  -9, -42,  -6,   1,1478549978.456
   1,  -1,  -6, -12,  -8,   0,  -6,  -1,1478549978.456
  -7,  -3,  -1,  10,  48,  13,  -7,  -4,1478549978.473
   1,  -1,  -2, -13, -52,   1,  -2,   0,1478549978.473
  -2,  -1,  -1,  11,  28, -10,  -3,  -1,1478549978.475
   4,   4,   1, -35, -24, -71,  -1,   0,1478549978.475
   1,  -1,   0,  75, 104,  99,  24,   4,1478549978.488
  -2,  -5,  -3,  19, -72, -26, -10,  -4,1478549978.488
 -11,  -5,  -9, -25, -37, -48, -12,  -7,1478549978.495
  -1,   1,   1,   3,  11,  43,  15,   1,1478549978.495
   2,   3,  11,  -5,  -4, -26, -10,  -2,1478549978.511
   0,   1,  -6,  -8,  20, -65,  -7,  -4,1478549978.511
   2,  -4,  -1,  20,  40,  89,   2,  -1,1478549978.513
  -5,  -4,  -4, -14, -41, -25,  -8,  -5,1478549978.513
  -3,   1,   1,  -5,   5, -15,  -9,   2,1478549978.533
   4,   0,   2,  -4,  16,  47,   7,   3,1478549978.533
   2,   1,  -1,  -6, -32, -24,   6,   5,1478549978.535
  -3,  -3,  -3,  -7,  -2,  13,  -5,  -1,1478549978.535
   0,   0,  -2,  -5, -31, -25,  -1,   0,1478549978.547
  -1,  -1,   2,  -1,  15,  25,   2,   2,1478549978.547
  -2,  -3,   0,  25,   4, -28,  -6,  -4,1478549978.556
  -2,  -2,  -2,  -4,   9,  19,  -1,   2,1478549978.556
  -2,  -2,  -3,  -8, -14, -11,  -2,  -1,1478549978.571
  -1,   1,   5, -10,   2, -21,  -1,  -3,1478549978.571
   1,  -2,  -2,  -7,   5,   1,   1,  12,1478549978.572
   2,  -1,   1,  10,  -6,  15,  -9, -14,1478549978.572
  -5,  -4,  -6, -20, -23, -12,  -1,  -7,1478549978.593
  -3,   1,   0,  -2,  17,   6,  -3,  -5,1478549978.593
   3,   3,   2,  -2,   6,   3,   1,   0,1478549978.595
  -2,  -1,  -4,   2,  -8,  -2,   2,   6,1478549978.595
   0,  -2,  -2, -11, -15, -10,   0,  -3,1478549978.607
   0,   0,   2,   1,  12,  11,  13,   3,1478549978.607
   0,   0,  -4,  -8,   1, -12,   5,  -4,1478549978.616
  -3,  -2,   7,  14,  12,   2,  -6,  -9,1478549978.616
  -5,  -6,  15,   4, -13,  -4,  -5,   0,1478549978.631
   0,  -2,  -8,  -7,   6,   0,   6,   3,1478549978.631
   2,   7,  -1, -14,  -4,  -6,   0,  -1,1478549978.632
  -1,   0,  -8,  -2,   9,   6,  -5,  -2,1478549978.632
  -3,  -5,  -8,   9, -25,  -7, -11,  -2,1478549978.653
   1,  -1,   2,  11,  16,  -1,   2,   3,1478549978.653
  -1,  -3,  -5, -24, -12,  -7, -12,  -3,1478549978.655
   2,   0,  -2, -20,  -9,  -1,  -1,  15,1478549978.655
  -1,  -2,   0,  14,   9,  -8,   0, -11,1478549978.667
  -2,  -1,  -4, -18, -11, -12,  -3,  -7,1478549978.667
  -1,  -4,  -2,  17,  15,   7,   3,  -2,1478549978.676
  -1,   0,   5,   4,   7,  12,   8,   5,1478549978.676
   0,  -2,  -6, -13, -19,  14,   1,   2,1478549978.692
   0,   0,   0,   1,  15,  -9,  11,  -2,1478549978.692
  -4,  -3,  -2,   5,  -7, -10,   1,  -6,1478549978.693
  -1,   0,  -1,  -2,  -9, -11,   0,   0,1478549978.693
   0,   2,  -3,  -5,  -8,  -8,   0,   2,1478549978.714
  -1,   0,   1,  -2,   6,   8, -11,  -5,1478549978.714
  -3,  -5,  -1,   7,  -7, -17,  -4,  -2,1478549978.716
   0,  -4,  -2,   4,  10,  51,  -1,  -3,1478549978.716
   2,   4,   0, -12,  -4,  -3,   5,   2,1478549978.728
  -1,   0,   4,   1,   8,   8,   1,   4,1478549978.728
  -3,  -3, -12,  -6,  -3,  -9,  -7,   1,1478549978.737
  -3,  -1,  -4,   1, -17,  -9, -12, -15,1478549978.737
  -3,  -3,  -7,   6,  10,   4,  -1,  -2,1478549978.752
  -3,  -3,   0, -12, -17, -39,  -7,  -3,1478549978.752
   2,   1,   5,  11,   7,  51,  13,   4,1478549978.753
  -1,   0,   0, -24, -14, -12,   6,   1,1478549978.753
  -2,  -1,   0,  13,   9,  -1,  -8,  -4,1478549978.774
  -1,  -3,  -4,  11,  -2,  -1,   0,   1,1478549978.774
  -4,  -1,   2,   3,   5,  -3,  -9,  -6,1478549978.776
  -2,  -2,  -2,  -4, -12, -18,  -6,  -2,1478549978.776
   2,   2,   5, -14,  -8,   7,   6,   4,1478549978.788
   0,  -2,  -3,  -2,  -9, -22,  -8,   1,1478549978.788
  -1,  -2,  -6,  10,  24,  40,   0,  -1,1478549978.797
  -2,  -2,  -3,  -8, -14, -13,   1,   1,1478549978.797
  -2,   0,  -1,  -1,   8,  -6,   0,   0,1478549978.812
   1,   3,   4,   3, -12,   3,  -4,  -2,1478549978.812
  -3,  -2,   1,   1,  23,  -8,  -3,  -2,1478549978.813
  -1,  -3,  -2,   4, -12, -20,  -6,  -1,1478549978.813
  -1,  -2,  -5,  -4,  -4,  -5,  -1,   0,1478549978.834
  -2,  -3,  -4,  -1,   5,  18,   2,  -1,1478549978.834
   1,  -1,   2,   1,  -8, -21,  -5,   3,1478549978.836
   1,   1,   3,   0,  15,  16,   3,   0,1478549978.836
   1,  -2,  -4,  -2,  18,  -4,   2,  -5,1478549978.848
  -4,  -5,  -5,  14, -34,   4,  -4,  -3,1478549978.848
   0,   0,  -1,   7,   9, -18,  -2,  -2,1478549978.857
  -2,  -2,  -7, -15, -29,  -4,   1,   0,1478549978.857
   2,   4,   4,  -7, -10,  10,   2,   2,1478549978.872
  -1,  -1,   0,   1,  31,   2,  -1,  -1,1478549978.872
  -3,   0,   1,   4, -16, -18, -10,  -4,1478549978.873
   1,   1,   2,   4,  17,   0,  -5,   1,1478549978.873
  -2,  -1,  -2,  -7,   2,  12,   6,   1,1478549978.894
   3,   2,  -1,  -3, -11,  -3,   5,   4,1478549978.894
  -4,  -3,  -3, -10, -18, -29,  -2,  -7,1478549978.896
   0,   2,   2,  11,  24,  95,  12,  -3,1478549978.896
  -2,  -1,  -5,  -3, -13, -46, -16,  -9,1478549978.916
  -2,  -2,  -3,   2,  15,   8,   5,  -1,1478549978.916
  -1,  -2,   0,  -1,  -2,  -7,   1,  -1,1478549978.917
  -2,  -3,  -2,   0,  -4, -22,  -2,   3,1478549978.917
   0,  -2,  -2,   2,   1,  18,  -4,   5,1478549978.931
  -1,  -1,  -1,  -7,  -5,  -8,   1,   5,1478549978.931
   1,   2,  -1,  -6,  -6,   9,   5,   1,1478549978.931
  -2,  -2,  -4,   3,   4,  -7,  -5,  -4,1478549978.932
   0,  -1,  -1,  -1,  -8,  -2,  -1,   0,1478549978.953
   1,   0,   1,  -1,   0,  -7,  -9,  -3,1478549978.954
  -1,  -1,   2, -11, -13,   4,   9,  -1,1478549978.954
  -3,  -3,  -1,   4,   0,  -6,   0,  -4,1478549978.954
  -1,  -1,  -2,  -3,   6,  -3,   1,  -4,1478549978.976
   1,   0,   3,   5,  -5,  11,  -4,  -1,1478549978.976
  -4,  -4,  -6,  -2,   5,  -2,  -1,  -1,1478549978.976
  -1,  -2,  -1,  -4, -11, -13,   1,  -3,1478549978.976
  -4,  -2,   0,  -1,   3,  12,   1,  -2,1478549978.991
   0,  -2,   1,  -8, -10, -24,   1,  -2,1478549978.991
   1,  -2,   0,   0,   2,  53,  -5,  -4,1478549978.991
  -2,  -1,  -2,   0,  -3, -30, -10,  -2,1478549978.991
   1,   0,   0,   1,   8,  14,  11,   2,1478549979.013
   0,   1,   0,  -3,  -9,  -1,  -9,  -3,1478549979.013
  -1,  -1,  -3, -11,  -9, -25,   0,  -2,1478549979.014
  -4,  -2,  -2,   9,  11,   5,  -5,  -6,1478549979.014
  -2,   0,   0,  -1,  -6,  -6,  -4,  -6,1478549979.036
  -3,  -1,  -3,  -3,  -9,  10,   5,  -5,1478549979.036
  -1,   1,   2,   1,   5, -12,  -7,  -5,1478549979.036
   1,   0,  -3,  -6, -11,  -4,   5,   4,1478549979.037
   0,  -2,   3,  -2,  -7, -15,   1,   3,1478549979.051
  -2,  -1,   7,   1,  11, -23,  -9,  -2,1478549979.051
   1,  -2, -25,  -2,   1,  46,  10,   3,1478549979.051
   1,  -1,  13,   1,  -7, -48,  -1,   2,1478549979.051
  -2,  -3,  -6,  -2,  -2,  48,  -2,   1,1478549979.073
   0,  -2,   8,  -4,   4, -10, -11,  -2,1478549979.073
   0,  -1,   6,  -1,  -5, -17, -12,   0,1478549979.074
   0,  -2,  -7,  -1,  12,  16,  14,   3,1478549979.074
   0,  -2,  -4,   5,  -6, -20,   4,   3,1478549979.096
  -2,  -3,  -3,  -3, -13, -18, -13,  -4,1478549979.096
  -1,   2,   5,   3,  12,  26,   7,   3,1478549979.096
   0,  -1,  -3,  -2,  -5,  -4,  -3,  -5,1478549979.096
  -1,   2,   4,  -4, -11,  -7,  -3,  -1,1478549979.111
  -3,  -1,  -9,  12,  48,  23,   8,  -3,1478549979.111
  -2,  -2,   2,  -3, -22, -13,  -3,  -4,1478549979.111
  -3,  -1,  -1,   0,  -4, -23, -11,  -3,1478549979.111
  -1,  -1,   7,   1,   7,  18,  11,   3,1478549979.133
  -1,  -2, -11,   0,  -6,  11,   2,   1,1478549979.133
  -1,   0,   3,  -1,   1,  -6,  -2,  -2,1478549979.134
   1,   0,   1,  -3,   0,   1,   1,   1,1478549979.134
  -1,  -2,  -7,   1,   0,  -8,  -7,  -1,1478549979.156
  -3,   1,   0,  -4,  -6,   8,  16,   0,1478549979.156
   2,  -1,   8,   0,  -1, -20, -23,  -2,1478549979.156
   0,  -2,  -7,  -1,  -5,  -2,  -1,  -2,1478549979.156
   1,   1,   3,  -1,  -1, -20,  -2,  -1,1478549979.171
  -2,  -4,  -2,  -5,  -3,  31,  -2,  -3,1478549979.171
   3,   0,  -5,  -6, -10, -41,  14,   0,1478549979.171
  -5,  -3,  -2,   7,   4, -30, -21,  -3,1478549979.171
  -1,  -3,  -4,  -2,   2,   9,   2,  -4,1478549979.193
   1,   0,  -1,  -2,  -2,  15,   5,   3,1478549979.193
  -2,   0,  -2,   0,  -2, -18,  -1,  -2,1478549979.194
   2,   2,   9,   0,   1,  20,   1,   5,1478549979.194
  -5,  -1, -21,  -1,   2,  -7,  -4,  -7,1478549979.215
   2,  -3,   8,  -2,  -7, -15,  -4,   2,1478549979.216
  -3,   0,  -6,   5,   4,   4,  -1,  -2,1478549979.216
  -3,   0,  12,  -5,  -3,  22,   6,  -3,1478549979.216
  -2,   1,   1,   4,  -5, -49, -13,  -4,1478549979.230
   0,  -1,  -6,  -1,   2,  28,   1,  -1,1478549979.230
   0,  -2,  -6,   1,  -1,   4,   4,   1,1478549979.238
   1,   4,   2,  -2,   2,  24,   1,  -2,1478549979.238
  -2,   1,  11,  -3,  -9,  -2,  -2,   0,1478549979.254
  -3, -12,  -2,  -8,   8, -25, -10,  -4,1478549979.254
  -4,   2,   7,  12,  15,  18,   1,  -6,1478549979.254
   4, -13, -13,   0,   2,   8,   4,   3,1478549979.254
   3,   6,   6,   0,  -8,  -8,   1,   4,1478549979.275
   2,   1,  -4,  -8,  -5, -11,  -5,  -6,1478549979.275
  -8, -23,  -5, -12,  -9,   3,  -2,   2,1478549979.276
  -7,  17,  12,   2,  -1,   0,   6,  -4,1478549979.276
  -3, -13,   6,  -3, -10,   6,  -1,  -5,1478549979.290
  -9,  -2, -14,   2,   2, -21,  -6, -11,1478549979.290
   3,  10,  31,  -2,  -3,  -2,  -1,   0,1478549979.291
   2,  -8, -23,  -2,  -3,   1,   0,  -1,1478549979.291
   2,   0,  -3,  -4,  -4,   8,   0,   5,1478549979.313
   3,   1,  -9, -15, -30, -30,  -2,   7,1478549979.313
   1,   0, -13,  11,  18,  37,   3,   1,1478549979.314
  -1,   0,  -3,  -1,  -4, -37,  -3,   1,1478549979.314
  -1,   1,   4,  -9, -13,  24,  -5,  -2,1478549979.335
   2,   3,   1,   9,  -1,  23,  12,   4,1478549979.335
  -5,  -8, -14, -31, -26, -12,  -2,  -3,1478549979.336
   3,   4,   7,  10,  27, -11,   4,   2,1478549979.336
   1,  -1,  -9,  -2, -10,   4,   4,   0,1478549979.350
  -5, -10,  -4,   3,  12,  -1,  -3,  -6,1478549979.350
   3,   8,   5,   7,   4,   3,  -2,   2,1478549979.351
   1,   1,   5,  -1, -10,  46,   5,   0,1478549979.351
  -1,  -3,  -6,  10,  48, -29,  -9,  -2,1478549979.373
  -3,  -1,  -4,  -9, -12, -51,  -1,   0,1478549979.373
   3,   5,   4,   4, -12,  40,   2,   3,1478549979.374
  -4,  -8, -10, -14, -13, -29, -15,  -8,1478549979.374
  -2,  -4,   2,  20,  34,  22,  12,   2,1478549979.395
   0,   2,   9,   3,   1,  19,  -3,   1,1478549979.395
  -4,  -3,  -9,  -3,  11, -11,  -2,  -3,1478549979.396
