  -2,  -1,  -2,   1,   6,  -9,  -6,  -1,1458228125.255
  -3,   0,  -1,  -2, -10,  -7,  -1,  -2,1458228125.255
   0,   1,   3,   4,  -5,  -1,   0,   1,1458228125.256
  -4,  -2,  -7,   3,   9,   7,  -1,   0,1458228125.256
   0,   0,  -3,  -1, -17, -13,   0,   0,1458228125.259
  -1,   0,   2,   1,   7,   0,  -4,  -1,1458228125.259
   0,   0,   2,  -3,   8,  -3,   0,  -1,1458228125.261
  -3,  -3,  -1,   4,   3,  -2,   2,   0,1458228125.261
  -1,  -3,  -3,   2,  -4,  14,   2,   1,1458228125.275
   0,   1,   1,  -4,  26,  -8, -12,   0,1458228125.277
  -1,  -2,  -3,  -2, -49, -22,   7,   0,1458228125.281
   0,  -1,   0,  -7,  -8, -15,  -6,  -7,1458228125.281
   0,  -1,  -1,   1,  12,  -4,   3,   1,1458228125.290
   0,  -2,   1,   0,   4,  38,   7,   3,1458228125.290
  -1,   1,  -1,  -4,  13,   2,  -3,  -3,1458228125.306
  -3,   0,  -1,  -2,  -5,   3,  -1,  -1,1458228125.306
  -5,   0,   0,  -4, -12, -21,  -6,  -3,1458228125.310
   0,   1,  -1,   2,   4,   5,   1,  -1,1458228125.310
   0,  -1,  -2,  -1,   1,  -1,  -4,  -2,1458228125.325
   0,  -3,  -3,  -4, -19,  -9,  -2,  -3,1458228125.325
   0,  -1,   1,   3,  10,  13,  -4,  -1,1458228125.335
  -2,  -5,  -1,  -3, -19, -16,  -3,  -4,1458228125.335
  -1,  -4,  -3,  -3,  18,  11,   1,   1,1458228125.349
  -1,  -2,  -2,  -3, -12,  -3,   1,   1,1458228125.349
   0,   0,   0,   1,  22,   6,   3,  -1,1458228125.389
  -2,  -1,  -1,  -2, -24,  -6, -16,  -2,1458228125.389
   0,   0,  -1,   1,   3,   4,   8,   0,1458228125.389
  -1,   0,  -1,   0,   5,   5,   0,   1,1458228125.392
   0,   0,  -2,  -2, -10,  -8,  -2,   1,1458228125.392
   0,  -2,  -2,  -1,  27,   7,   3,  -2,1458228125.392
  -3,  -1,  -1,  -2,  -5,  -3,  -6,  -2,1458228125.393
  -2,  -1,  -1,   3,  -2,  -3,  -3,   0,1458228125.393
  -1,   0,  -2,   0,  11,  -9,   4,  -2,1458228125.401
  -2,  -1,  -3,  -5, -17,  29,   2,  -1,1458228125.401
   1,   0,  -1,   0,   0, -16,  -1,   0,1458228125.415
   1,  -1,  -1,   1,  28,  20,   2,   0,1458228125.415
  -2,  -4,  -3, -10, -44, -21, -12,  -4,1458228125.432
   1,   0,   1,   5,  13, -24,   8,   1,1458228125.432
  -2,  -3,  -3, -12,   0,  30,   0,  -1,1458228125.433
  -1,  -1,   1,   4,   2,   0,  -2,  -1,1458228125.433
  -2,  -1,   0,  -1,   1,  -2,  -1,  -1,1458228125.439
   0,   0,  -2,  -3,  17,  -4,  -3,  -1,1458228125.439
  -2,  -1,   0,   1, -16, -14,  -5,  -2,1458228125.461
  -2,  -3,  -2,  -6,   3,   0,   3,  -2,1458228125.461
  -1,  -3,  -1,  -4,   4,  -8,  -7,  -2,1458228125.463
   0,  -1,  -1,   1, -11,  16,   5,   1,1458228125.465
   0,   0,  -2,   1,  10,  17,  -1,  -3,1458228125.475
  -2,  -2,  -1,  -2,   3,  -1,  -1,  -3,1458228125.475
  -1,   0,  -2,   3,  -3,  -3,   0,  -1,1458228125.484
  -2,  -1,  -1,  -2,  10,  -7,  -1,  -2,1458228125.484
  -1,   0,  -1,   4,   2,  -2,  -2,   2,1458228125.506
  -2,   0,  -1,  -4, -23, -13,  -3,  -2,1458228125.506
   0,  -1,  -2,  -3,   4,   6,   3,   1,1458228125.508
  -4,  -1,   3,  -1,  13,  -3,  -1,  -1,1458228125.508
  -2,  -4,   0,   2, -21,  -5,  -3,  -3,1458228125.521
   0,  -1,  -1,   2,  -1,  -2,   1,  -2,1458228125.521
   0,  -2,  -1,  -3, -12,  -4,  -4,  -1,1458228125.523
  -1,  -3,  -5,  -6,  13, -16,  -2,  -4,1458228125.523
   0,  -1,  -2,  -5, -18, -18,  -9,  -3,1458228125.535
  -1,   1,   1,   4,  15,  12,   7,   0,1458228125.535
  -2,  -2,  -2,  -1,   2,  -4,  -4,  -2,1458228125.551
  -1,  -1,  -1,   4,  -4,   1,   0,  -2,1458228125.551
  -3,  -2,  -6,  -8,   1,  -3,  -1,   0,1458228125.559
   2,  -2,  -1,  -1,  -5,  -8,  -3,  -1,1458228125.562
   1,   0,   0,   2,  14,   9,   3,   1,1458228125.562
  -1,  -1,  -1,  -7, -25, -10,  -7,  -1,1458228125.562
  10,   1,   2,   5,  34,  -9,  -2,   1,1458228125.581
 -10,   0,  -2,  -7, -38,  52,  -4,  -1,1458228125.581
   2,   2,  -1,   6,  45,  52,  11,   0,1458228125.583
  -2,   0,  -3,  -8, -41, -20, -12,  -1,1458228125.583
   1,  -1,  -1,  -1, -17, -36,  -2,  -1,1458228125.596
   3,   0,   1,   5,  43,  -3,   7,   4,1458228125.596
  -1,  -3,  -6,  -9, -31, -11,   0,  -3,1458228125.602
  -1,   1,   1,   4,   3,  44,  -9,  -5,1458228125.602
  -6,  -1,  -1,   3,  11,  -2,   7,  -2,1458228125.626
  -1,  -1,   0,  -5,  -8, -12,  -6,  -2,1458228125.626
  -2,   0,   2,   8,   6, -18,   0,  -2,1458228125.628
   2,   0,  -4,   5, -12, -20,   2,   2,1458228125.628
  -5,  -1,  -4,  -8, -15,   5,  19,   0,1458228125.641
  -3,  -1,  -2,  -5,   8, -22, -45,  -5,1458228125.641
   1,   0,   2,  -5,   5,  30,   7,   0,1458228125.643
   0,   1,   3,   3,  22, -38,  10,   3,1458228125.646
   2,   2,   3,  39, -17,  44,  20,   0,1458228125.656
  -3,  -4, -11, -36, -23,  -4, -30,  -6,1458228125.656
  -1,  -1,  -1,  -3,  -9,  26,   0,   1,1458228125.662
  -1,   0,  -1, -21,  14,  -4, -10,  -1,1458228125.662
  -5,  -5,  -2,  27,  20, -25,   3,   2,1458228125.679
   2,   3,   5,   1,  -9, -19,  13,   1,1458228125.679
  -3,  -4, -11, -22,   3, -18,  -8,  -2,1458228125.680
  -3,  -2,  -2,  -8,  -4,  39,   7,  -4,1458228125.680
  -1,   0,   1, -18, -21, -47,  -9,  -2,1458228125.702
   0,  -2,  -3, -13,  -1,  43,   6,  -2,1458228125.702
   0,   1,   2,  11,  11, -22,  -2,   3,1458228125.703
   0,   0,   3,  15,  12,  10,   7,  -1,1458228125.703
  -2,  -3,  -2, -12,   9,   6,  -7,  -1,1458228125.716
   0,  -2,  -1,  14,  -9,  -9,   7,  -2,1458228125.716
   2,   2,   2,   0,  34,  44,   9,   1,1458228125.722
  -1,  -3,  -4,   0, -49, -18,  -2,  -1,1458228125.722
  -2,  -1,  -4,  -6, -20,  12, -12,  -4,1458228125.739
   0,   0,   1,   2,  21, -43,   3,  -2,1458228125.742
  -2,  -3,  -1,   3, -24,   8,  -7,  -4,1458228125.742
   1,  -2,  -2,  -1,  15,  18,   2,   3,1458228125.742
  -1,  -1,   0,  -8,  19,  12,  -3,   0,1458228125.761
   0,  -2,  -4,   1, -16, -20,   5,   0,1458228125.761
  -1,  -2,  -2,  -4, -22, -23,  -6,  -4,1458228125.763
  -2,   1,   0,   6,   5, -13,  -5,  -3,1458228125.763
   1,   3,   1, -10,  10,  -7,   2,   1,1458228125.775
  -1,   0,  -1,   9,  -9,  37,   5,  -2,1458228125.775
  -2,  -1,  -1,   5,   3, -23,  -6,   0,1458228125.784
  -2,  -4,  -6,   0, -25,  -6,  -4,  -2,1458228125.784
  -3,  -2,   1,   3,  27,   7, -12,  -2,1458228125.799
  -1,  -2,   0,   0,  10,  20,   0,  -1,1458228125.799
  -3,  -1,  -3, -15, -34, -77,  -7,  -2,1458228125.800
   2,   4,   6,   9,  20,  12,  11,   3,1458228125.800
  -4,  -2,  -7, -16,   4,  -2, -10,  -4,1458228125.821
  -2,   0,  -1,  -6, -67,   6,  -2,  -5,1458228125.821
  -1,   0,   2,  19,  30,  -3,   3,   0,1458228125.826
  -1,  -3,  -1,  -7,  17,   5,  -2,   1,1458228125.831
  -1,   0,   5,  11,   2,  -3,  -4,  -5,1458228125.835
   0,  -3,  -9,   0,   3, -17,   5,   1,1458228125.835
  -1,  -1,  -3, -13, -11,  25,  -5,  -2,1458228125.844
  -3,  -2,  -4,  -9, -58, -39, -13,  -5,1458228125.844
   5,   3,   7,   4,  45,  28,   9,   5,1458228125.859
  -1,  -1,  -1,  -3, -13, -54, -10,  -3,1458228125.859
  -1,  -2,  -4,   5,  15,  30,  11,   1,1458228125.860
  -2,  -4,  -6,  -4,  25,  20,   0,  -2,1458228125.860
  -3,  -2,   0,  -3, -28,   8,  -6,  -4,1458228125.881
   1,   1,   4,   8,  38, -13,   8,   4,1458228125.881
  -1,  -1,   1,  -3, -37,  30,  -4,  -1,1458228125.883
  -2,   0,  -1,  -5, -46, -17,  -5,  -4,1458228125.883
  -1,   0,  -3,  -7, -10, -31,  -8,   0,1458228125.895
  -5,  -5,  -4,  10,  -9, -64, -10,  -5,1458228125.895
   0,   1,   2, -13,  -9, -28,  -3,   0,1458228125.904
  -1,  -1,  -1,   6,  20,  10,   4,  -1,1458228125.904
  -1,  -2,  -2,   0,  -6,  45,   4,  -2,1458228125.919
   0,   0,  -1,  -2,  21,  22,   2,   1,1458228125.923
  -3,  -5,  -4,   3, -19, -41,  -2,  -3,1458228125.923
   2,   4,   3,   4,  -1,  45,  -1,   1,1458228125.923
   1,   1,  -2,  -1,   3,  -5,   7,   4,1458228125.941
   0,  -1,   3,  -3,   2,  24,   1,  -2,1458228125.941
  -1,  -2,  -3,   3,  17,   8,   5,   1,1458228125.943
   0,  -2,  -2,  -3,  -5, -40,  -1,  -1,1458228125.943
  -2,  -3,   1,  -2,   3,  21,  -1,  -2,1458228125.955
   0,  -1,   0,   5,  27, 107,   7,   0,1458228125.955
  -4,  -2,  -1,  -1, -16,-102, -16,  -6,1458228125.964
   0,  -2,  -1,  -3,  27,  53,   5,   4,1458228125.964
   0,   0,  -2,  -4, -35,  -6,  -8,  -4,1458228125.979
  -4,  -2,   0,   0,  21, -70,  -4,  -5,1458228125.979
  -1,   0,  -1,   2,  -6,  -5,   2,  -3,1458228125.985
  -4,   1,   5,  -1,  36,  38,  -7,  -6,1458228125.985
   1,  -1,  -6, -14, -69,  10,   5,   1,1458228126.001
  -1,   2,   2,  15, -13,-110, -13,  -2,1458228126.001
   0,  -1,  -2,  -6,  31,  63,   0,  -1,1458228126.003
  -3,  -1,  -1,   1, -17, -15,  -1,  -2,1458228126.007
  -1,  -4,   1,   1,  58,  54,   6,   1,1458228126.015
  -3,  -3, -11, -24, -75, -73, -16,  -4,1458228126.015
  -1,   1,  -1, -13, -12,  -5,  -3,  -4,1458228126.024
   0,  -2,   2,  11,   7,-106,   0,  -3,1458228126.024
   1,  -6,  -5,   1,  45,  48,  16,   7,1458228126.038
  -4,  -7,  -5,   9, -25,  64,  11,   0,1458228126.038
   0,   0,  -3,  -5,  18, -23, -13,  -6,1458228126.045
   1,  -1,  -6, -20, -74, -49,  -5,   0,1458228126.045
   0,   0,   1,   3,   9, -29,  -4,   1,1458228126.061
   3,   1,   5,   1,  22,  34,   8,   3,1458228126.061
   0,  -6,  -5,   0,  -3,  47,  10,   6,1458228126.063
  -3,  -1,   1,  -2,   3,   5,  -5,  -2,1458228126.063
   0,  -2,  -6,   0, -82,-108,  -9,  -1,1458228126.075
  -1,   6,   6,  -7, 111, 109,  14,  -5,1458228126.075
   1,   0,   6,  20, -16, -22,  11,   0,1458228126.084
   1,   1,  -3, -14, -49, -60,   1,   5,1458228126.084
   2,   0,   3,  11,  -2,  43,   8,   6,1458228126.108
   2,   3,  -1,  -6,  12, -16,  -7,   2,1458228126.112
  -7,  -5,  -9,  21,  48, -14,  -7,  -4,1458228126.112
   2,   5,   3, -11, -12, 106,   7,  -1,1458228126.112
  -4,  -3,  -7, -16,  18, -66, -16,  -6,1458228126.121
   0,   1,   2,  -7, -51,   5,  -1,   1,1458228126.121
   1,   4,   5, -13, -23, -69, -17,  -4,1458228126.123
  -2,  -3,   2,  27,  34,  61,  16,   3,1458228126.123
  -6,  -2,  -9, -28,   4, -28, -15, -10,1458228126.135
  -1,  -3,  -2,  -2,  10,   2,   2,   0,1458228126.135
  -2,  -6,  -7,   9, -33, -21,  -3,  -2,1458228126.144
  -5,  -5,  -1,  -6,   3,  12, -14,  -7,1458228126.144
   2,   0,  -1,   3, -27, -25,   0,   2,1458228126.158
  -5,  -4,  -2,   9,  16,   8,   3,  -5,1458228126.158
   4,   4,   5,  -7, -35,   3,   9,   4,1458228126.165
   0,   1,   1,   3,  33,  16,   1,   0,1458228126.165
  -4,  -1,  -2,  -5, -75, -95, -12,  -6,1458228126.182
   2,   3,   3,   5,  21,  71,   5,   5,1458228126.182
   3,   4,   2,  -3,  11,  18,   2,   2,1458228126.183
  -3,   3,   4,   1,  15, -18,  -7,  -4,1458228126.188
   1,   8,   9, -16,  -6,   2, -11,  -6,1458228126.204
  19,  23,  -2,  25,  26, -22,  -5,   1,1458228126.204
 -24,   8,   3,   5,  37,  44,   4,   0,1458228126.205
  24,  44,  26, -26, -87, -58, -14, -15,1458228126.205
 -52, -41, -40, -10,  79,  49,   1,  -5,1458228126.218
  18,  -4, -12,  26, -15, -21,  15,  -2,1458228126.218
 -25, -48,   1, -21,  26,  33, -17,   5,1458228126.225
  34, -22, -57,  50,  98,  -9, -10,  25,1458228126.225
  60, 127,  37, -71,-115, -14,  22,  40,1458228126.243
 -62,-121, -32, -24,  32, -11,  -5, -85,1458228126.243
 -29,  37,  10,  26,  -1,  10,  15, -12,1458228126.244
 -84, -91,   3, -40, -49, -24, -32, -54,1458228126.244
 114,  25,  10,  65,  75,  30,   3,  63,1458228126.264
  13, -44, -12, -23,   2,  34,  14,  35,1458228126.264
  34,  98,  21,  -1, -30, -23, -41, -14,1458228126.266
  39,   9,   0, -22,  23,   7, -41, -31,1458228126.266
-128, -50, -43,  35,  31,  26, -10, -31,1458228126.278
  65,  -8,  10, -43, -79, -58, -37, -57,1458228126.283
  35,  18,   3,  35,  12,  31,  43, 113,1458228126.285
   6,  -4,  10,   9,   2,  -4,  -1, -73,1458228126.285
  77,  29,   4, -15,  25,   8,  14,  33,1458228126.301
 -20,  -6,  12,  22,  19,  -5,   8, -27,1458228126.301
  71, -48,  -6, -18,  22,  32,  27, -35,1458228126.304
 -88, -51,  22,  26,  30,   9,  56,  24,1458228126.304
  43,  83, -33, -35, -39,  -5,  28,  50,1458228126.324
-121,  15,   4,   6,  -4, -21, -39, 116,1458228126.324
  38, -76,  -3,  -5, -26, -14, -54,-111,1458228126.329
  68, -18,  -6, -13,  23,  13,  47,  52,1458228126.329
  47, -37,  15,  29,   6,  -3, -17,  19,1458228126.337
  83,  72,  26,  34,  23,  13,  -5, -43,1458228126.338
 -24,   9,   5,   3, -20,  -5,  32,  84,1458228126.346
   0,  20,  -1,   7,  -4,  -6,  10,  19,1458228126.346
 -32, -54, -12,  -7,  -7,  10,   2, -49,1458228126.360
  21,  45,  -9, -12, -25, -10,  19,   2,1458228126.360
 -11, -11, -12, -22,  -1,  -2,   8, -44,1458228126.369
 -77, -27, -39,  -7, -12,  -8,   8, -17,1458228126.374
  17,  -9,  20,  -1,  10,   8,  -2, -29,1458228126.384
 -56, -15,   2, -14, -29, -12,  10,   7,1458228126.384
  66,  16,   2,  -3,   0,  -2,  -9,   3,1458228126.385
 -49,  10, -22,  -9,  -1,  10, -25, -35,1458228126.385
 -92, -51,  -4,  15,   6,  -6, -27, -50,1458228126.406
   5, -10,   8,  14,   3,  -6,  -6,  -3,1458228126.406
  -1,  23,   3,  -7, -21,  -5,   2,  56,1458228126.408
  93,  47,   6,  17,  36,   5,   0,  -5,1458228126.408
 -52, -25,  14,  18,  -6,   4,  -9, -21,1458228126.420
  31, -10,  -4, -15, -20, -11,  -2, -26,1458228126.420
 -37,  13, -11,   1,  19,  10,  -5,   0,1458228126.429
   4,   5, -13,  -5, -15,  -7,  -3,  69,1458228126.429
  15, -10,  19,  -7, -10,   2,  -2, -13,1458228126.443
   4,   9, -25,  -4,   4,  -1,  -5,  23,1458228126.443
  -4,   3,  19,   0,   1,  -4,   1,  -9,1458228126.450
 -62, -18,  -2,  -5,  -5,  -2,  -2,  -1,1458228126.450
  15,   0,  -1,   5,  26,   9,   2, -14,1458228126.466
   6,  24,  13, -14, -16,  -6,  -1,  -9,1458228126.471
 -44, -17, -12,   7,  15,   0,  -2, -13,1458228126.471
  49,  19,  13,  -6, -22,  -7,  -7,   4,1458228126.471
  -7,  -7,  -5,   4,   6,   5,  -3,  -2,1458228126.480
  -9,   3,   3,   0,  -1,   2,   4,  21,1458228126.480
  37, -18, -19, -11,  -6,  -8, -10, -33,1458228126.489
 -69,  -5,   7,   8,  -4,  -5,  -8,   7,1458228126.489
  22,  -3,   2,   2,  -9,  -6,  -9,   2,1458228126.503
  -9,   1,  -1,   1,   0,   6,   9,  20,1458228126.503
  19,  -3,  -6,  -4,  -2,  -3,   3,  -3,1458228126.510
  32,  21,   9,   0,  -1,   0,   2,  40,1458228126.510
 -13,  -9,  -8,   0,   5,   0,   1, -13,1458228126.542
  11,   2,  -1,  -5,  -7,  -7,   1,  -7,1458228126.542
 -34,  -7,  -1,  -1,   9,   1,  -1,   2,1458228126.544
  22,  11,   3,  -2,   3,  -3,  -3, -54,1458228126.544
   6,   0,   7,   1, -12,   2,   1,  -6,1458228126.544
 -17,  -4,  -6,   0,   4,  -1,   0,  15,1458228126.544
 -24,  -7, -14,   1,  -6,  -3,  -4,  -7,1458228126.549
  24,   6,   2,  -5,  -2,  -2,  -1,  11,1458228126.554
 -14,  -4,  -2,  -3,   8,   3,   1,  -6,1458228126.563
  52,   8,   1,  17,   0,  -4,   1, -10,1458228126.563
 -78, -13,  -5, -19, -14,  -6,  -4, -15,1458228126.570
  -8,  -2,   0,   1,  -1,  -5,  -6,  -8,1458228126.570
  15,   8,   4,   7,  13,   3,   1,  13,1458228126.586
  46,  -2,   3,  -6, -13,   1,   1,  13,1458228126.586
 -74, -15,  -9,  -2,  -8,   1,  -2,  -2,1458228126.588
   5,   2,   0,   3,   0,  -1,  -3,   1,1458228126.588
  14,   1,   3,  -4,  -6,  -5,  -1,  -1,1458228126.600
 -30,  -6,  -7,  -9,  -3,  -2,  -1,  25,1458228126.600
  42,   8,   8,   5,   8,  -1,  -5, -75,1458228126.617
 -21, -11,  -7,  -7,  -9,   0,   3,  25,1458228126.617
  -3,   0,  -3,   0,  -5,   0,  -2,  17,1458228126.623
 -13,   2,   6,  -5,  -1,   1,   2,   0,1458228126.623
   5,  -1, -10,  -2,  -1,   0,  -1,  -9,1458228126.630
   7,   4,   6,   5,   3,   0,  -2, -11,1458228126.630
  -7,   0,   4,  -2,  -6,  -1,   0,  -7,1458228126.646
  -5,  -2,  -9,  -1,  -4,  -2,  -1,  -6,1458228126.652
   5,  -2,   2,   0,  -2,   0,   2,  22,1458228126.652
  17,   4,   2,  -2,   1,   1,  -1,   3,1458228126.652
 -14,  -6,  -5,  -2,   1,   0,   4,   2,1458228126.660
 -11,  -4,  -7,  -4,  -5,  -3,  -3, -19,1458228126.660
  14,   2,   0,   1,   3,   0,  -1,  18,1458228126.669
  12,   2,   3,   3,   6,   2,  -1,  -7,1458228126.669
 -10,  -1,   1,   0,  -5,  -2,  -2, -26,1458228126.683
  -6,   0,  -6,  -4,   4,   0,  -2,  -9,1458228126.683
  -1,  -6,   1,  -3,  -2,  -1,   0,  17,1458228126.690
  17,   2,  -3,   0,  -3,  -1,  -1,   5,1458228126.690
  -7,  -3,  -4,  -3,   0,  -1,  -3,  -8,1458228126.706
  -9,  -3,   0,   1,  -1,  -5,  -2,  -3,1458228126.706
  15,  -1,  -3,  -1,   0,  -1,  -1,  10,1458228126.708
  -1,  -2,  -2,  -2,  -1,   1,   1, -10,1458228126.708
  -3,  -3,  -6,  -4,  -1,  -2,  -1,   3,1458228126.729
   5,   1,  -1,  -1,  -3,  -3,   1,   1,1458228126.729
   6,  -2,  -2,   0,   3,   1,   0,   3,1458228126.731
  -1,  -2,  -2,  -5,  -9,  -2,   3,  -1,1458228126.736
  -1,  -2,  -1,  -1,   2,  -2,  -4,  -3,1458228126.743
  -1,   1,  -1,  -2,  -2,   0,  -4,  -1,1458228126.743
  -1,   0,   1,   2,   2,  -4,  -5,  -1,1458228126.750
  -3,  -1,   1,   4,   7,   2,  -1,   0,1458228126.750
   5,   3,   1,   2,  -9,   1,   5,   7,1458228126.766
  -6,   1,  -3,  -5,  -3,   0,   0,  -5,1458228126.766
   3,  -2,  -4,  -2,   0,   2,   3,   6,1458228126.768
   2,  -1,  -1,  -1,  -7,  -3,  -2,  -3,1458228126.768
  -2,  -1,   0,  -3,   4,   0,  -3,  -3,1458228126.789
  -4,  -2,   1,   2,   0,   3,   0,  -4,1458228126.789
   3,   0,   0,  -1,  -4,  -1,  -2,   2,1458228126.791
  13,   0,   0,   0,  -6,  -2,  -3,   0,1458228126.791
 -28,  -7,  -3,  -5,  -2,  -5,  -5,  -3,1458228126.811
  -2,  -1,   0,   2,   0,  -2,   1,   0,1458228126.811
   0,  -3,  -2,  -2,   0,   2,  -1,  -1,1458228126.819
   0,   2,   3,  -3,  -3,  -1,   2,   4,1458228126.819
   3,  -2,  -5,  -5,   2,  -1,  -1,  -3,1458228126.827
  -4,   1,   5,   2,  -2,  -1,  -3,  -6,1458228126.832
   0,  -2, -12,  -3,   3,  -5,  -2,  11,1458228126.832
   1,   2,   3,   4,  -2,   0,   1,  -5,1458228126.832
   1,   0,  -2,  -3,  -3,  -4,  -3, -14,1458228126.849
  -2,  -2,  -1,  -1,  -2,  -1,   1,   1,1458228126.849
  -6,   1,   4,  -1,  -2,   2,   0,  -3,1458228126.855
  -1,  -5,  -5,  -5,   4,   0,  -2,   0,1458228126.855
   5,  -1,  -1,  -3,  -7,  -5,   0,   4,1458228126.863
   0,  -2,  -1,   1,   2,   1,  -1,  -2,1458228126.863
   0,   1,   3,   0,  -1,  -1,   1,   0,1458228126.871
  -4,  -2,  -3,   1,   4,  -2,   0,   0,1458228126.872
   0,  -3,   1,   5,   6,   2,   0,  -2,1458228126.886
  -2,  -2,  -4,  -4,   0,   0,  -2,  -1,1458228126.886
   2,  -2,   0,  -2,  -7,  -1,  -4,  -1,1458228126.888
  -2,  -2,  -3,  -3,  -1,  -1,   1,  -1,1458228126.888
   2,   1,  -2,  -1,   1,  -2,  -2,  -2,1458228126.909
  -1,  -1,  -2,  -2,  -1,  -4,  -2,   1,1458228126.909
   1,  -3,   0,   1,  -1,  -1,   0,   1,1458228126.911
   2,   0,   0,  -1,  -6,  -5,  -1,  -1,1458228126.917
  -2,   0,   0,  -1,   0,  -1,  -2,   0,1458228126.923
  -1,  -2,  -2,  -1,   1,  -1,   1,   1,1458228126.923
  -4,  -2,   2,   0,  -7,  -1,  -2,  -5,1458228126.939
  -1,  -2,  -3,  -4,  -3,   0,  -2,  -1,1458228126.939
   2,   2,  -2,   1,   1,  -1,   0,   3,1458228126.946
   0,  -3,   4,   1,  -2,  -3,  -2,   0,1458228126.946
   2,  -1,  -4,   1,   2,   0,   0,  -2,1458228126.948
  -3,   0,  -3,  -6,  -5,   0,  -1,  -3,1458228126.948
   0,  -3,  -2,   2,   2,   0,  -1,   0,1458228126.969
   0,   1,   0,   1,   1,   2,  -1,  -1,1458228126.969
  -1,  -2,  -2,  -4,  -1,  -1,   0,   0,1458228126.970
  -3,   0,  -1,   2,   0,  -2,  -3,   0,1458228126.970
  -1,  -2,  -2,  -4,   6,  -1,  -2,  -2,1458228126.982
  -2,  -1,  -2,   3,   1,   1,  -1,  -3,1458228126.982
  -1,  -1,  -1,  -3,  -4,  -4,  -2,  -2,1458228126.991
   0,   0,  -3,  -2,   0,   0,  -2,  -1,1458228126.991
   1,  -1,   0,  -2,   1,  -2,   0,  -1,1458228127.006
  -1,  -1,  -4,  -5,  -6,  -4,  -3,  -2,1458228127.012
   1,   1,   1,   2,   1,   0,   2,   2,1458228127.012
  -2,  -1,   1,   1,  -2,  -2,  -2,  -2,1458228127.012
  -2,   0,  -1,  -1,  -4,  -2,  -1,   0,1458228127.029
   0,   0,  -3,  -2,  -1,  -3,  -1,   0,1458228127.029
  -2,  -3,  -1,  -1,   0,  -1,  -2,  -2,1458228127.030
  -4,  -2,  -2,   1,  -1,   0,  -1,  -1,1458228127.030
   1,   0,  -1,  -1,  -3,   1,   2,   1,1458228127.043
   0,   0,   1,  -1,  -3,  -1,  -1,  -2,1458228127.043
  -1,  -2,  -5,  -6,  -3,  -2,  -4,  -2,1458228127.051
  -2,   0,  -1,  -1,  -1,  -1,  -1,   0,1458228127.051
  -1,  -1,  -1,   1,  -1,  -1,   0,   0,1458228127.074
  -1,   0,  -1,  -2,   0,  -2,  -1,   0,1458228127.074
  -1,   2,   2,   0,  -1,   0,  -3,  -2,1458228127.075
   0,  -1,   0,   0,   0,  -2,  -2,  -1,1458228127.075
  -1,  -1,  -1,   1,  -1,  -1,   2,  -2,1458228127.088
   0,  -2,  -4,  -5,  -3,  -2,   2,   0,1458228127.088
  -2,  -3,   0,  -2,  -5,  -1,  -2,  -1,1458228127.096
  -1,  -1,  -2,  -3,  -1,   0,  -2,  -2,1458228127.104
  -1,   0,   1,   0,   0,   0,  -3,   0,1458228127.104
  -2,  -2,  -1,   0,   1,  -3,  -4,  -1,1458228127.104
  -2,   0,   1,   0,  -2,   0,   0,   0,1458228127.111
  -1,   1,   3,   1,  -3,  -2,   0,  -2,1458228127.111
   1,  -2,  -1,  -6,  -6,  -1,   0,  -1,1458228127.126
  -1,  -1,  -6,  -2,   4,   0,  -1,  -2,1458228127.126
   1,  -1,  -2,  -1,  -1,   1,  -2,  -1,1458228127.128
  -1,  -2,  -3,  -1,   2,  -1,   0,  -2,1458228127.128
  -1,   0,  -1,   4,   6,  -3,  -3,  -2,1458228127.149
  -1,   0,   0,  -9, -13,  -1,  -3,  -2,1458228127.149
  -1,  -1,  -1,   1,   1,  -5,  -3,  -2,1458228127.150
   1,  -1,   0,   1,   1,   2,   4,   3,1458228127.150
   0,   0,   3,   2,   3,   0,   0,   0,1458228127.162
  -1,  -1,  -2,   8,   2,   1,  -1,   0,1458228127.162
  -1,  -2,  -5, -18,  -6,  -1,   1,  -2,1458228127.171
  -1,   0,   3,   8,  -1,  -3,  -4,  -1,1458228127.171
   0,  -1,  -2,  -1,   0,   1,   3,   1,1458228127.186
  -4,  -3,   1,   0,   2,  -4,  -4,  -2,1458228127.191
  -1,  -1,  -2,  11,   9,   3,   0,  -3,1458228127.191
  -3,  -3,   4,  -2,   0,  -2,   1,  -4,1458228127.191
  -2,  -3,  -6,   5, -33, -16, -12,   2,1458228127.216
   1,  -1,  -6, -26, -11,   1,  -5,  -4,1458228127.216
   1,   0,   0,  -1,  -1,   3,   4,  -1,1458228127.218
  -1,  -1,  -1,  -5,   6,   1,   8,   1,1458228127.218
   1,   1,   5,  10,  18,   9,   6,   2,1458228127.222
   0,  -2,  -4,  -7,  -9,  -6,  -7,  -6,1458228127.222
   0,   1,   1,   3, -11,  -7,  -3,  -1,1458228127.231
   0,  -2,  -5,  -4,  23,   2,  -5,   0,1458228127.231
  -3,  -3,  -2,  -9, -10,  -3,   2,  -6,1458228127.246
   1,   1,   0,   9,   4,   2,   0,   6,1458228127.246
   0,   2,   3,   1,  -8,  10,   5,  -2,1458228127.248
  -1,  -3,   1,   6,  -8,  -9,  -2,  -3,1458228127.248
  -2,  -3,  -7,  -9,   1,  -2,  -9,  -2,1458228127.269
   0,  -2,  -2,   5,  10,  -5,  10,   1,1458228127.269
   0,  -3,   3,   1,  13,  -1,   2,   1,1458228127.270
   0,   0,  -4,  -3, -22,  -1,  -9,  -3,1458228127.276
  -2,  -1,  -2,  -4,   2, -10,   6,  -2,1458228127.283
  -3,  -1,   6,   5, -16,   0,   0,  -1,1458228127.283
  -1,  -3,  -7,  -5,  -2,   1,  -1,   2,1458228127.291
   0,   2,   0,  -2,  -4,  10,   9,  -2,1458228127.291
  -1,  -3,  -1,  19,  36,   5,   0,  -1,1458228127.306
  -2,  -2, -10, -25, -16,  -5,  -4,  -2,1458228127.306
   0,   0,   4,  12, -12, -30,  -8,  -1,1458228127.314
  -1,  -3,  -4, -16, -13,  22,  -3,   1,1458228127.314
   1,   1,   2,  -2,  -2, -12,   1,  -1,1458228127.329
  -3,   0,   6,  17,  -7,  -8,  -6,  -3,1458228127.329
  -4,  -5,  -8, -20,  14,  -4,  -2,  -3,1458228127.330
   2,   0,   2,   6, -11,  47,   4,   3,1458228127.330
  -3,  -2,  -5, -17, -23, -24, -11,  -5,1458228127.342
   0,   2,   2,  -1,  23,   3,   6,   3,1458228127.342
  -3,  -2,  -3,  -3, -13, -13,  -4,  -3,1458228127.351
  -1,  -1,   0,   5,  15,  -1,  -3,  -2,1458228127.351
   0,  -3,   0,  -1,   0,  12,   0,   2,1458228127.366
   1,  -1,   1,   4,  -4,  -3,  -2,  -2,1458228127.372
   1,   1,   3,  -4,   8,   5,   0,   1,1458228127.372
  -2,  -4,  -7,  10,  58,  -8,  -2,   1,1458228127.372
  -2,  -1,  -3, -25, -99,  -3,   1,   0,1458228127.389
  -3,   1,   6,   4, -10, -33,  -9,  -3,1458228127.389
  -2,  -1,  -6,   7,  33,  23,   3,   0,1458228127.390
  -4,  -3,  -5, -21, -26,  -7,  -3,  -6,1458228127.390
   0,  -2,  -2,   1,  76,   8,   2,  -1,1458228127.402
   0,   0,  -1,  -2, -45, -17,  -4,  -1,1458228127.402
   0,   0,   2,   5, -27, -11,  -5,  -1,1458228127.411
   0,   0,   1,   3,  -3,  -3,  -1,   0,1458228127.411
  -3,  -2,  -3,   4,  -4,  -6,   1,  -3,1458228127.426
  -2,  -3,  -1,   4,   9,  35,   5,  -1,1458228127.426
  -2,  -2,   1,   8,  38,   6,  -2,  -1,1458228127.428
  -4,  -2,  -1,  -5,   6, -21,  -5,  -2,1458228127.428
   0,  -1,   1,   2,   2,   4,  -2,   0,1458228127.449
  -1,  -2,   0,   2,  11,   8,   3,   1,1458228127.449
   0,  -1,  -2, -10,  -2,   1,  -2,   0,1458228127.450
  -1,  -3,  -1,  10, -30, -14,   0,  -3,1458228127.456
  -2,  -1,   5,   3,  15,   9,  -2,  -2,1458228127.462
   0,  -3,  -6,  10,  24, -13,  -4,  -1,1458228127.462
  -1,  -3,  -4, -25, -30,   4,   2,   0,1458228127.471
   0,   2,   2,   4, -31, -40,  -5,  -1,1458228127.471
  -1,   1,  -2,  -3, -29,  40,   3,  -1,1458228127.494
  -2,   0,   2,  17,  73, -16,   3,   0,1458228127.494
  -1,   2,   4,  -3,  -2, -18,  -5,  -2,1458228127.495
  -2,  -3,  -3,   3,  22,   9,   4,  -2,1458228127.495
   2,   0,   3,   6,   8,   3,  -7,   1,1458228127.509
  -2,  -1,  -5, -21, -29,  15,  -1,  -2,1458228127.509
  -1,   0,   0,   4,   0,   9,   3,   2,1458228127.510
  -3,  -1,  -2,  -4,  16, -13,  -6,  -3,1458228127.510
   0,  -2,  -3,   1,  -2,  17,   5,   0,1458228127.522
   1,  -2,  -2,  -5, -10,   8,  -1,   1,1458228127.522
  -2,  -3,  -1,   6,  -2, -13,  -5,  -2,1458228127.531
  -1,  -1,   1,   0, -11,   5,  -1,  -1,1458228127.531
  -1,  -2,  -3,  -9,   1, -12,  -4,  -2,1458228127.545
   0,   1,   1,  -9,  -4,   1,  -2,  -1,1458228127.551
   1,  -1,  -3,  16,  -3,   6,   3,  -1,1458228127.552
  -3,  -3,  -2, -19, -17,  -6,  -5,  -4,1458228127.552
  -1,   0,   0,   1,   8,  -9,  -2,  -1,1458228127.569
  -3,  -3,  -3,  -4,   1,  -5,  -2,   1,1458228127.569
  -1,  -1,   1,  -2,  -9,  16,  -2,  -1,1458228127.570
   1,  -1,   0,   2,  32,  -3,   3,   3,1458228127.570
  -2,  -2,  -4,  -5,   1,  -8,  -4,  -3,1458228127.583
  -1,  -1,  -1,   2, -14,  -4,   1,  -2,1458228127.583
  -1,  -2,  -2,  -2,  -3,   3,  -1,  -1,1458228127.592
  -1,   2,  -3,   4,  -9,   1,   0,  -2,1458228127.592
  -1,  -2,  -4, -12,  -2,  -3,   1,  -1,1458228127.606
  -2,  -2,  -1,   0,  13,   3,  -1,  -3,1458228127.606
   0,  -1,  -1,  -4, -27,  -6,   3,   0,1458228127.613
  -1,  -1,   1,   5,  18,   3,  -1,  -1,1458228127.613
   1,   1,   1,   0,   2,  -6,   4,   1,1458228127.629
   0,  -1,  -4,  -4, -26,  -2,   0,  -2,1458228127.629
  -2,  -1,  -1,   2,  22,   8,  -3,  -2,1458228127.630
  -1,  -2,  -3,  -7, -14,  -7,  -3,  -2,1458228127.636
  -1,  -1,   2,   2,  12,  -4,  -1,  -1,1458228127.652
  -1,   0,  -2,  -5,   0,   4,   0,   1,1458228127.652
  -1,   0,  -1,   5,   2,  -7,   0,   0,1458228127.653
  -2,  -1,  -1, -14, -11,   1,   0,   0,1458228127.653
  -2,  -2,   0,   8,   3,   5,  -1,   0,1458228127.666
   0,  -2,  -3, -16, -27, -13,  -4,  -2,1458228127.666
  -4,  -2,  -1,  -5,   6, -31,  -2,  -3,1458228127.673
   1,   1,   0,  17,   8,  12,  -2,  -1,1458228127.673
   1,  -1,  -1,   0,   0,  10,   4,   0,1458228127.696
  -2,   0,   2,   6,   5, -24,  -3,  -1,1458228127.696
  -1,   0,  -1,  -1,   0,  23,   0,   0,1458228127.698
   1,   0,   0, -10,  -3,  -1,   0,  -2,1458228127.698
  -1,   0,   1,  -1,   2,  -8,  -3,  -1,1458228127.711
  -2,  -5,  -4,   4,  -1,  -2,  -4,  -2,1458228127.712
  -1,  -1,  -1,  -7, -17, -10,   0,   0,1458228127.713
  -2,  -1,  -3,  -1,  -2,  -6,  -3,  -1,1458228127.713
  -2,  -2,   0,  -5,  -8,  -8,  -3,  -2,1458228127.726
  -1,  -1,  -3,  -3,   6,  12,   3,  -1,1458228127.730
  -1,   0,   2,   7,   3,  -9,  -1,  -1,1458228127.733
  -1,  -3,  -3,  -6,  -5,  -5,   1,  -1,1458228127.733
   1,   0,   0,   0,  17,  12,  -1,   0,1458228127.756
   0,  -2,  -2,  13, -29, -24,  -3,  -1,1458228127.756
  -2,  -5,  -3, -12,  22,  26,  -3,  -4,1458228127.774
  -2,  -3,  -6,  -2, -23, -20,  -3,  -1,1458228127.774
  -2,  -2,   1,  -6, -11,  -8,  -1,  -2,1458228127.774
  -4,  -1,   1,   8,  42,  25,   2,   1,1458228127.774
  -1,  -1,  -3,  -5,  -4,   0,  -4,  -2,1458228127.780
   2,   1,   2,   5,   9, -17,  -1,   0,1458228127.780
  -1,  -2,  -5,  -7, -23,  14,  -1,  -2,1458228127.785
   1,   1,  -1,  -8, -47,  16,  -4,  -3,1458228127.785
  -2,   0,   0,   4,  -6, -47,  -5,  -1,1458228127.811
  -2,   0,   3,  -1,  24,  36,   0,  -1,1458228127.811
  -2,  -3,  -6,  -3, -22, -26,  -3,  -3,1458228127.812
  -2,   1,   1,   1,  31,  17,   2,   0,1458228127.812
  -1,   0,   0,  -1, -27,   6,   4,   2,1458228127.815
   0,  -1,  -3,   1,  -5,  -8,   1,   0,1458228127.820
  -1,  -2,   0,   2,   7,  -8,  -2,  -1,1458228127.831
  -2,  -2,   1,  -1,  -7,   0,   0,  -2,1458228127.831
  -1,   0,   0,  -7,   7,  -5,  -3,  -3,1458228127.833
   0,   0,   3,   6,  12,  11,   1,  -1,1458228127.833
  -1,   1,   1,   2,   7,  -5,   1,  -1,1458228127.845
  -3,  -4,  -8, -10, -61,  -2,  -5,  -3,1458228127.845
   1,   1,  -1,   6,  25,  16,   2,   1,1458228127.854
  -1,  -1,  -1, -10, -13, -15,  -5,  -2,1458228127.854
  -1,  -1,  -3,  -3,  -1,   1,  -2,  -2,1458228127.869
   0,   0,   2,   6,  23,   3,   6,   1,1458228127.869
   0,  -1,   1,   1,  -9,  -8,   1,   0,1458228127.870
  -2,  -3,  -7, -16, -48, -20,  -4,  -1,1458228127.870
  -3,  -2,  -4,  -2,  -3,   3,  -4,  -2,1458228127.891
  -1,  -1,  -1,  -3,   1, -27,  -1,   0,1458228127.891
  -1,  -2,  -2,   3,  13,  19,  -1,  -3,1458228127.893
  -2,   0,   1,  -5,  16, -12,  -2,  -2,1458228127.893
  -2,  -2,   5,   4,  -2,   1,   2,  -2,1458228127.905
  -1,  -3,  -8,   0,   4,  -3,  -4,  -2,1458228127.911
  -2,  -1,  -1,  -1, -16,  -5,  -2,   0,1458228127.914
   0,   2,   2,  -2,  15,   3,   2,   0,1458228127.914
  -2,   0,  -3,   4, -27,  -6,  -5,  -2,1458228127.929
   1,   1,   2,   7,  44,  35,   4,   0,1458228127.929
  -2,  -2,  -2, -10, -20, -12,  -3,  -1,1458228127.930
   0,   2,   2,  -2, -36,  27,   3,   3,1458228127.930
  -1,  -2,  -4,   5,  17,   0,   1,   0,1458228127.951
   0,   2,   4,   8,  13, -19,   3,   0,1458228127.951
   0,  -1,  -2,   1,   0,  -1,  -2,  -1,1458228127.956
   1,  -1,   1,   4,  28,  19,  -4,  -1,1458228127.956
  -2,  -1,  -2,   1,   6,   3,   0,  -2,1458228127.965
  -3,  -4,  -5,   0, -31, -18,  -4,  -1,1458228127.965
  -4,  -1,   4,  -7,   8,  15,   0,  -2,1458228127.974
  -1,  -6,  -5,  13, -25,  -7,   1,  -1,1458228127.974
   4,   2,   2, -20,  -6, -30,  -7,   1,1458228127.989
  -1,  -3,  -1,  17,   9,  23,   3,   0,1458228127.989
  -3,  -2,  -1, -13,  -6,  -6,  -2,  -3,1458228127.990
  -3,  -3,  -9, -25,  10,  -1,  -2,  -3,1458228127.994
  -3,  -1,   1,   6,  10,  -5,  -3,  -3,1458228128.011
  -1,   0,   2,  -5,  -4,   3,  -2,   1,1458228128.011
   2,   1,   2,  13,  22,   1,   1,  -1,1458228128.013
  -2,  -1,  -2,  -2, -23, -12,  -4,  -1,1458228128.013
   0,  -1,  -2,   0,   7, -11,   2,   0,1458228128.025
  -2,   0,   3, -19,   9,   6,   1,  -2,1458228128.025
  -2,  -4,  -4,  32,   4,  -8,   1,   0,1458228128.034
   0,  -1,   0, -19,  18,   3,   1,   1,1458228128.034
  -1,  -2,  -3,  11, -11,   8,  -4,  -2,1458228128.048
  -1,  -2,  -1,   4,   7,  -4,  -3,  -2,1458228128.048
  -1,  -2,  -6,  -1, -14,   2,  -2,  -1,1458228128.049
  -1,  -2,   2,   0,  11,  19,  -2,  -1,1458228128.049
  -1,  -2,   2,   2,  16,   1,   1,  -1,1458228128.071
  -1,  -4,  -2,  -6,   9,  16,  -3,  -2,1458228128.071
   2,   3,   2,  -7, -20, -33,  -2,   0,1458228128.071
  -1,   1,   2,   3,  -7, -20,  -4,  -2,1458228128.071
   0,  -1,  -3,  10,   9,   0,   7,   0,1458228128.093
   0,   0,   1,   5,   5,  19,  -2,   0,1458228128.098
  -2,  -2,  -4,  -6,  -3,   2,  -4,  -2,1458228128.098
  -2,  -1,   1,   3,   5,  -9,  -3,  -2,1458228128.098
   0,   0,  -4,  -9, -18,  -6,  -4,   1,1458228128.108
  -1,   1,   1,  -4,  -6, -15,   0,  -1,1458228128.108
  -1,   0,  -3,  -8,  -8,   1,  -1,  -2,1458228128.109
   0,   0,  -2,  10,   8,   7,   1,   1,1458228128.109
  -1,  -2,  -2,  -5,  -1,   8,   1,  -1,1458228128.131
  -2,  -3,  -2,  -6,  -7,  -9,  -3,  -1,1458228128.131
  -3,  -2,  -1,   0,   6,   5,  -2,  -4,1458228128.135
  -4,   1,   0,   2,   6,   4,   3,  -2,1458228128.135
  -1,  -1,  -2,  -7,  -9, -11,  -3,  -1,1458228128.153
  -1,   0,  -2, -10,  -7, -19,  -8,  -3,1458228128.153
   1,   0,   2,   5,   9,  19,   7,   2,1458228128.154
   0,  -2,  -3,  -1,  -4,  -4,   0,  -1,1458228128.154
   0,  -2,   0,  -9,  -2,   8,  -1,  -3,1458228128.168
  -4,  -2,  -2,   5,  -5,  -9,  -1,   0,1458228128.168
  -3,  -3,  -3, -11,  -6,  -2,  -3,  -3,1458228128.169
  -1,  -1,  -1,   1,   3,   7,   3,   0,1458228128.176
   1,   0,   2,  -4,  13,   1,  -1,   0,1458228128.191
   1,  -1,  -2,  -2, -14,  -4,  -3,  -1,1458228128.191
  -1,  -2,   0,  -1, -19,  -3,  -1,   1,1458228128.191
  -1,  -1,   1,   5,   8,   5,   3,   1,1458228128.191
  -2,  -3,  -4, -10, -15,  -6,  -1,  -1,1458228128.213
  -3,   0,  -1,   2,  13,   9,   3,   0,1458228128.213
  -1,  -3,  -4,  -4,  -2, -23,  -4,  -2,1458228128.214
   1,  -1,   0,   3, -16,  -4,  -3,  -3,1458228128.214
   0,  -1,  -2,   3,   7,   8,  -1,  -1,1458228128.228
  -1,  -2,  -5, -11,  -9,   1,   1,   1,1458228128.228
   0,   1,   2,   4,   4,   4,   0,  -2,1458228128.229
  -3,  -2,  -3,  -2,   8,   5,  -4,  -2,1458228128.229
  -2,   0,   0,   1,   1,  -2,   1,  -2,1458228128.251
  -1,   0,   0,  -5,  -4,  -7,  -2,  -1,1458228128.251
   1,   2,   3,  -2,   8,   5,  -2,  -1,1458228128.251
   1,  -1,  -3,  -4, -15, -13,  -3,  -2,1458228128.251
   0,  -2,  -3,  -5,  -1,   1,   0,  -1,1458228128.265
  -1,  -1,  -2,   5,   6,  -3,  -2,  -2,1458228128.272
  -1,  -1,   0,  -1,   0,   4,   0,   2,1458228128.273
  -1,  -3,   1,  -1,  -1,  -3,   1,  -1,1458228128.273
  -2,  -2,   0,   7,   2,  -4,  -2,   0,1458228128.288
   0,  -2,   0,  -2,  -2,   0,  -2,  -2,1458228128.288
  -1,  -2,  -4,  -2,   2,   3,   0,  -1,1458228128.289
  -1,  -2,  -3,  -3,  -1,   0,  -1,  -3,1458228128.289
   0,   1,   3,   1,   0,  -2,   0,   2,1458228128.311
  -1,   0,  -3,  -8, -17,  -3,  -2,  -2,1458228128.311
  -1,   0,   2,   5,   3,  -5,  -2,  -1,1458228128.319
  -1,  -2,   1,  -3,  -5,  -5,  -4,   0,1458228128.319
  -2,  -1,  -4,   0,  11,  -1,  -2,  -2,1458228128.333
  -1,   0,   0,  -1,  -3,   3,   0,   1,1458228128.333
  25,  -1,  -2,  -3,   0,   7,   1,   0,1458228128.334
 -33,  -1,   0,   3,   1,  -2,  -1,  -4,1458228128.334
   6,  -1,   0,  -3,  -3,   0,  -1,   3,1458228128.348
  -4,  -3,  -1,  -3,   1,  -6,  -1,  -2,1458228128.348
  -2,   0,   0,   1,   6,  26,  -3,   0,1458228128.349
  10,  -1,  -2,  -3,  -7, -27,  -1,   1,1458228128.357
   0,  -2,  -6,  -2,   0,  21,   4,  -1,1458228128.379
  -4,  -2,  -1,   1,   5,  -2,  -3,  -3,1458228128.379
  -2,  -2,  -3,  -2,  -3,  -4,  -1,  -2,1458228128.380
   3,  -1,   0,   1,   0,   0,  -2,   0,1458228128.380
  -6,  -2,   0,  -2,  -6,  -4,  -2,  -3,1458228128.393
   6,  -2,   0,   1,   4,  -1,   1,   0,1458228128.393
  -8,  -1,   0,  -3,  -7,  -8,  -3,  -3,1458228128.394
   5,   0,  -2,  -1,  -2,   6,  -1,   1,1458228128.394
   0,  -1,  -1,  -1,  -1,  -9,  -1,  -1,1458228128.408
   1,   0,   5,   3,   1,   1,   0,   0,1458228128.408
  -4,  -1,  -5,  -3,  -1,  -4,  -3,  -3,1458228128.409
  -2,  -3,  -2,  -4,   1,   3,  -2,  -1,1458228128.409
   1,   1,   1,  -1,  -9,   0,   0,  -1,1458228128.431
  -3,   0,   1,  -1,   2,  -5,   0,  -1,1458228128.431
  -6,  -3,  -3,   1,  -1,  -1,   0,   0,1458228128.438
   5,  -2,  -2,   1,   2,   4,  -2,  -2,1458228128.438
  -3,  -2,  -2,   0,  -2,  -5,   0,  -1,1458228128.453
   0,  -1,  -1,   0,   1,   1,  -2,  -2,1458228128.458
  -3,  -4,   0,  -3, -11, -13,  -5,  -2,1458228128.458
   3,   1,   2,   1,   9,  16,   8,   1,1458228128.458
  -2,   0,  -2,  -4,  -1,  -3,  -1,   0,1458228128.468
  -2,  -1,  -2,  -1,   0,   1,  -1,  -1,1458228128.468
  -4,  -1,  -2,  -3, -13, -19,  -5,  -2,1458228128.469
   2,   1,  -2,  -3,  -6,   1,  -6,  -2,1458228128.469
  -2,  -1,   0,  -1,   1,   3,   1,   0,1458228128.491
   1,  -1,  -2,  -2,   3,  -4,   0,   1,1458228128.491
  -4,  -1,   1,  -1,   4,   3,   1,  -1,1458228128.498
  -2,  -1,  -2,  -1,  -6,  -8,   0,  -2,1458228128.498
  -1,  -2,  -3,  -3,   1,  -3,  -3,  -1,1458228128.514
   1,  -2,  -2,  -2,  -2,  -2,  -1,  -1,1458228128.514
   0,  -3,   4,   3,   2,   0,  -1,  -1,1458228128.514
  -1,  -1,  -1,  -1,   0,  -2,  -1,  -2,1458228128.514
   1,  -1,  -1,  -4,  -3,  -1,  -2,  -2,1458228128.528
   0,  -2,  -3,  -4,  -5,  -3,   1,   3,1458228128.528
  -2,  -1,  -2,  -1,   3,   5,   1,  -1,1458228128.529
   0,  -2,   1,   0,  -2,  -1,  -3,  -1,1458228128.534
  -1,   0,  -1,   0,  -1,  -2,  -3,  -3,1458228128.550
  -2,   0,  -1,  -2,  -6,  -2,  -1,  -3,1458228128.550
   0,  -2,  -3,  -1,   3,   3,   1,   1,1458228128.551
  -1,  -2,  -3,  -1,   2,  -2,  -2,   1,1458228128.551
  -1,  -2,  -1,  -1,  -5,  -6,  -1,  -1,1458228128.574
  -1,   0,  -1,  -1,  -1,   1,  -2,  -2,1458228128.574
   0,  -1,  -2,  -3,   1,   1,   1,  -1,1458228128.574
   0,  -2,  -1,   3,   3,  -1,   0,  -2,1458228128.574
  -1,   1,   2,   1, -10,   0,  -4,   0,1458228128.604
  -2,  -2,  -4,   0,   3,   0,  -1,  -2,1458228128.604
  -2,  -2,   0,   0,   1,  -1,  -1,  -1,1458228128.605
   0,   1,  -1,  -2,   2,  -1,   0,  -1,1458228128.605
  -1,   1,  -3,  -2,  -1,  -3,  -2,  -1,1458228128.610
  -1,  -2,  -2,   3,  -2,   1,  -1,  -1,1458228128.610
  -1,  -1,  -3,  -3,  -3,  -2,  -1,   0,1458228128.611
  -1,   2,   1,   0,  -1,  -4,   0,  -2,1458228128.611
  -1,  -3,  -5,  -1,   3,  -1,   0,   0,1458228128.634
  -2,  -1,  -1,  -3,  -4,  -4,  -3,   0,1458228128.639
  -4,   2,   0,   0,  -1,  -1,  -2,  -1,1458228128.639
   0,  -3,  -2,  -3,  -4,  -2,  -1,  -1,1458228128.639
  -2,  -2,   2,  -1,   1,   1,   1,  -2,1458228128.648
   0,  -2,   0,  -2,   0,  -1,   0,   0,1458228128.648
   1,  -1,   0,  -1,  -2,   0,   0,  -3,1458228128.649
  -1,  -1,  -1,  -1,  -2,   0,  -3,  -1,1458228128.649
  -3,  -1,  -2,  -3,  -2,  -2,  -2,  -2,1458228128.679
   1,   0,  -1,  -1,   1,   0,  -2,  -2,1458228128.679
   1,   0,  -1,   2,   2,   0,   0,  -2,1458228128.685
  -3,  -1,  -2,  -2,  -1,  -3,  -3,  -2,1458228128.685
   0,  -2,  -1,  -1,   2,  -4,  -3,  -2,1458228128.694
  -2,  -2,  -1,  -1,  -3,  -2,   1,   0,1458228128.694
  -2,  -1,  -2,  -1,  -4,   1,   0,   0,1458228128.694
   0,  -2,   1,  -2,  -3,  -1,  -1,   0,1458228128.694
   0,  -2,  -3,  -2,  -1,   0,  -2,  -2,1458228128.708
  -1,   0,  -2,  -2,   0,   0,  -2,  -1,1458228128.708
  -1,   0,  -2,  -1,   1,  -1,  -1,  -1,1458228128.709
  -2,   0,  -3,   0,  -1,   0,   0,  -1,1458228128.715
  -1,   0,   0,   0,  -1,  -2,  -1,  -1,1458228128.730
  -1,   0,   1,  -2,  -1,  -5,  -1,  -1,1458228128.731
  -1,  -1,  -2,  -3,   1,   5,  -1,   0,1458228128.731
  -2,  -1,  -2,  -1,   0,  -7,  -2,  -1,1458228128.731
   0,  -2,  -1,   0,   0,   1,  -1,   0,1458228128.753
  -2,  -2,  -1,   0,  -2,  -6,  -3,  -1,1458228128.753
   1,  -1,  -2,  -4,  -3,  -5,  -2,  -1,1458228128.760
   1,  -2,  -1,  -3,   0,   1,   1,  -2,1458228128.761
   1,  -1,  -2,  -2,   1,  -1,  -2,   1,1458228128.768
  -1,  -1,   0,   1,   1,   1,   0,  -2,1458228128.768
   0,  -1,   0,   1,  -2,  -5,  -3,  -2,1458228128.769
   0,  -1,  -3,  -2,  -2,   0,  -1,  -1,1458228128.769
  -2,  -1,  -2,  -1,   0,  -2,   0,  -1,1458228128.790
  -2,  -1,  -2,  -1,  -1,  -1,  -1,  -3,1458228128.790
  -2,  -2,  -5,  -1,   2,   0,   0,  -1,1458228128.798
  -3,  -1,   0,   0,   0,   1,  -2,  -3,1458228128.798
  -1,  -1,  -3,  -1,  -3,  -1,  -1,   1,1458228128.814
  -3,   0,  -2,   0,   0,   0,  -2,  -2,1458228128.821
  -3,   0,   1,  -2,  -6,   0,   1,  -1,1458228128.821
  -1,  -2,  -3,  -2,   4,  -1,   0,   0,1458228128.821
   0,  -2,   0,  -4,  -8,  -2,   0,  -2,1458228128.828
  -2,   0,  -1,   2,   1,   1,  -2,  -2,1458228128.828
   0,  -2,   2,   2,   2,   0,   2,  -1,1458228128.829
  -2,   0,  -2,  -1,  -2,  -3,  -1,  -3,1458228128.829
  -1,   0,  -1,  -2,   0,   0,   0,   0,1458228128.850
   1,  -2,  -3,  -1,  -1,   0,   0,  -1,1458228128.850
   0,  -1,  -1,  -1,   1,   0,  -1,   1,1458228128.858
   0,   0,  -2,  -1,  -2,  -2,  -1,   0,1458228128.858
  -1,  -1,   0,   1,   0,  -1,   0,  -1,1458228128.881
   0,  -1,   0,  -1,  -2,  -1,  -2,  -2,1458228128.881
  -2,   0,  -1,  -1,   1,  -2,  -1,  -1,1458228128.882
  -1,  -2,  -2,   0,  -4,   0,   0,   0,1458228128.882
  -2,  -1,   2,   1,   2,  -2,  -3,   0,1458228128.896
  -1,  -2,  -6,  -5,  -3,  -3,  -2,  -1,1458228128.896
   0,  -4,   0,  -1,  -2,   1,  -1,   0,1458228128.897
   0,  -1,  -3,  -2,   0,  -1,  -2,  -1,1458228128.904
  -2,  -1,  -2,  -1,   1,  -1,   1,  -2,1458228128.910
  -2,   1,   1,  -4,  -2,  -1,   2,  -1,1458228128.911
  -1,  -1,  -1,  -1,  -1,  -1,  -2,  -1,1458228128.918
   0,  -3,  -2,  -4,  -5,   0,  -2,   1,1458228128.918
  -1,  -2,  -4,  -2,   4,  -2,  -4,  -1,1458228128.934
   0,  -3,   1,  -1,  -6,   1,   0,   0,1458228128.934
  -2,  -1,   0,  -1,  -2,  -1,  -3,  -1,1458228128.934
  -1,  -1,   2,  -4,  -6,  -1,   1,  -2,1458228128.935
  -1,  -3,  -9,  -1,   2,   0,   0,  -4,1458228128.948
  -1,   0,   2,   1,  -2,   0,  -3,  -3,1458228128.948
   0,   0,  -2,   0,   0,   1,   2,   3,1458228128.949
  -2,   0,   0,  -4,  -2,  -1,  -1,  -3,1458228128.949
   1,  -2,   1,  -2, -10,  -3,   2,   1,1458228128.971
   0,   0,   0,  -1,   0, -11,  -3,  -4,1458228128.971
   1,   0,  -2,  -3,  -4,   6,  -6,  -5,1458228128.971
  -2,  -1,   1,   7,   6,  -6,  -5,  -1,1458228128.971
  -1,  -1,  -3,  -8,  -7,  -6,   1,   0,1458228128.994
  -4,  -2,  -1,  -4,  -3, -19,  -6,  -2,1458228128.998
   0,  -1,   3,   0,  18,  47,  18,   1,1458228128.998
   0,  -1,  -2,   0,  -8,  15, -11,  -3,1458228128.998
  -2,  -6,  -8, -30,   0, -97,   0,   1,1458228129.008
   6,   6,  17,  25,  54,   1,  22,   5,1458228129.008
  -9, -10, -22, -23, -82, -33, -22, -12,1458228129.009
   3,   6,   8,  22,  71,  70,  33,   3,1458228129.009
  -6, -10, -28, -91,-111, -71, -51, -18,1458228129.030
  11,   3,   2,  -3,  94, 121,  65,  25,1458228129.030
   5,  11,  38,  -3,  28, -57,  -4,   4,1458228129.035
  17,  20,  35, 109, 115,  72,  27,  17,1458228129.035
 -18, -17, -34, -22, -12,  83, -20, -21,1458228129.054
  -8, -14, -44, -81,-127,  33, -22,  -6,1458228129.054
  12,  13,  28,  41,  97,  62,  42,  15,1458228129.054
   6,  12,  21,  28,  -7, -78,  -8,   2,1458228129.054
  19,  18,  35,  27, 102,  18,  34,  25,1458228129.068
 -23, -28, -48,  50,-125, -98, -16, -19,1458228129.068
 -28, -27, -50, -99, -68, 119,  47, -34,1458228129.069
  21,  21,  38,  -2,  33,-103, -49,  29,1458228129.073
  16,  21,  55, 127, 127,  10,  57,  20,1458228129.090
 -13, -16, -25,  18, -49,-128, -88, -28,1458228129.090
  -7, -20, -61,   5, -37,  63,  64,  13,1458228129.091
 -26, -21, -17,  -3, -40, -35, -54, -45,1458228129.091
  -3,   8,  22, -42,  51,  97, -53, -17,1458228129.114
  31,  46, 109, 127, 127,   6,  23,  47,1458228129.114
  34,  22, -40, -15, -47,  33,   8,  33,1458228129.114
 -42, -48, -39, -41, -92, -48,  41, -31,1458228129.114
   1, -12, -18,  15,  38, -45,  77,   4,1458228129.128
   3,  29,  42, -21,-102, -40, -85,  -4,1458228129.128
 -11,  -3,  36,  73, 127, -29, -53,  -7,1458228129.129
  27,  26,  14,  26,  15, -24,  49,  17,1458228129.129
 -32, -43, -93, -85,-128,-128, -94, -47,1458228129.150
  -8,  -9,  -6,   4, 127, 124,  -4,  -5,1458228129.150
  19,  23,  61,  23,  47,  17,  41,  31,1458228129.158
 -14, -19, -53, -54, -74,   3, -37, -26,1458228129.158
  19,  22,  47,  98, 108,  99, -17,  24,1458228129.174
 -17, -24, -38, -40,-112,  18, 111, -13,1458228129.179
   1,   4,  18, -10, -53, -57,  -7,  -6,1458228129.179
  -3,  -4,  -3, -51,  17, -20,   4,  -1,1458228129.179
   3,   3,  -3,  70,  45,  99,  78,  29,1458228129.189
  -3, -12, -20, -66,  69, 116, -30,  -4,1458228129.189
 -20, -18, -15, -14, -84,-128, -27, -30,1458228129.196
   2,   0,  -2, -27,  -2, -49, -34,   1,1458228129.196
  -5,   3,   7, -59,-113, -85, -27,  -9,1458228129.211
  -6,  -9, -18, -62,  61,  28, -15,  -5,1458228129.211
  -5,  -4,  -4,  42, -38,-127, -66, -16,1458228129.216
   5,   1,  -1,  13, -38,   6,  36,  10,1458228129.216
 -11,  -6,   8,  -2,   7, -72,  16, -11,1458228129.234
   6,   4,   6,  16,  53, -27,   3,   0,1458228129.234
   4,   4,   3,  -6, -46,  21, -39,   9,1458228129.234
  -4,  -8,  -7,   7,  44,  17,  -8,   3,1458228129.234
   5,   4,   4,  -7,  21,  71,  14,   5,1458228129.247
 -13, -14, -16,  29, -18, -63,  -7, -13,1458228129.247
  -1,  -1,  -3, -10,  28, -10, -45,   3,1458228129.255
   0,  -3,  -4,  11,  86, 127,  18,   8,1458228129.261
   6,   5,   3, -29, -74, -43,   9,   4,1458228129.270
   8,   4,   4,  35, -46, -15,  32,  11,1458228129.270
  -8,  -6,  -5, -28,  52, -46,   9, -11,1458228129.271
   0,   1,   5,  19,  28, -72,  19,   2,1458228129.271
  -7,  -7, -18, -39, -37, -67, -10,  -8,1458228129.294
  -1,   4,   7, -22,-101, -35,  -1,  -2,1458228129.294
   6,   5,   9,  31,  46, -74, -59,   4,1458228129.294
   1,  -1,   2,   6,  55,  66,  27,   1,1458228129.294
  -5,  -3,  -4,  28,  92,  14,   6,  -9,1458228129.306
   8,   7,   7,  -5,  30,  49,  27,   9,1458228129.306
 -17, -11,  -9,   7, -15, -25, -14, -22,1458228129.316
   2,   4,  -1, -10, -45, -28,  -7,   4,1458228129.316
   1,   1,   0,  -1, -81, -32, -38,  -3,1458228129.330
   1,   0,   1,   6,  45, -84,   6,   0,1458228129.331
   0,   1,   1,   1, -10, -73,  22,   4,1458228129.331
  -6,  -6,  -9, -12,   2, -25, -13,  -4,1458228129.331
   2,   2,   1,  27,  66, -19,   9,   4,1458228129.354
  -3,  -3,  -3,  -8, -39, -65, -24,  -9,1458228129.359
   1,  -2,   0,  -3,   5,  43,   1,  -4,1458228129.359
   3,   3,   6,  -6,   0, -28, -14,   7,1458228129.359
  -3,  -5, -11,   5, -64,   7,  12,  -4,1458228129.367
  -1,   0,   1,   0,  46, 105,  -5,   1,1458228129.367
   0,  -1,  -2,   1,  23,  32,  15,  -7,1458228129.375
  -5,  -3,  -1, -10, -83,  15,   5,  -1,1458228129.375
   3,   2,   6,  -3,  29,  41,   2,   9,1458228129.390
  -2,  -3,   0,  17,  54,  37,   4,   3,1458228129.390
   3,   1,  -3,  -4,  18, -33,  17,  -5,1458228129.395
  -2,  -4,  -5, -13, -85, -26, -18, -10,1458228129.395
  -1,  -1,  -3,   6,  50,  11,  -7,  -5,1458228129.414
   1,   1,   1,   0,  36, -30, -10,   1,1458228129.414
  -2,   0,   4,  11,  62,  56,  17,  15,1458228129.414
   0,  -1, -11,  -7,  -2,   4,   9,   4,1458228129.414
  -1,  -1,   6,   7, -29,  13, -11, -13,1458228129.436
  -1,   0,  -6,  -8, -44, -15,   3,   5,1458228129.436
   1,   0,  14,  12,   0,  48,   2,   1,1458228129.437
  -1,  -1,  -9,  -6,  -2,   1,  -6,  -8,1458228129.442
  -1,   0,  -4,   0, -36,   1,   2,   5,1458228129.450
  -2,  -2,   1,   6,  27,  -7,  -4,  -9,1458228129.450
   1,  -2,  -1,  -1, -20,  18,  12,   6,1458228129.451
   1,  -1,  -2,  -5,  16,  -5,  -6,   6,1458228129.451
   1,   2,   2,   6,  10,   1,  -2,  -4,1458228129.481
  -2,   0,   4,   1, -14,  -8,  -8,  -6,1458228129.481
  -3,  -1,  -6,   1,   0,  20,   0,  -2,1458228129.482
  -3,  -1,   1,  -3,   4,   3,   1,  -4,1458228129.482
  -1,  -1,  -3,  -2,   3,   8,  -2,  -5,1458228129.486
   0,   1,   2,   2, -15, -10,   0,  -1,1458228129.486
  -1,  -1,  -4,  -6,  -8,  14,   4,   1,1458228129.496
  -1,  -5,  -2,  11,  34,   4,  -2,  -2,1458228129.496
   1,   1,  -1,   0, -17,   0,  -4,   6,1458228129.511
   0,  -1,   2,  -2,  -4, -11,   3,   2,1458228129.511
  -2,  -2,  -6, -10,   1,   7,  -1,  -6,1458228129.511
   0,   2,   2,   2,  12,   0,  -7,  -5,1458228129.511
   0,   0,   2,   6,  -7,   2,   0,   7,1458228129.534
   0,   1,   3,  -2,  -6,  -3,  -3,  -4,1458228129.539
  -2,   0,   0,   4,   3,   8,  -2,  -8,1458228129.539
  -2,  -5,  -8,  -5,   3,  -1,   1,   2,1458228129.539
  -2,   1,   5,   2,  -7,   1,   2,   4,1458228129.556
   0,  -3,  -9,  -2,   6,  -3,  -2,   0,1458228129.556
   1,   2,   2,   2,  -2,   1,   1,   1,1458228129.557
   1,  10,   1,  -2,   0,  -1,   8,   1,1458228129.557
  -4, -15,  -6,  -5,   2,  -2,  -5,  -2,1458228129.572
   0,   1,   5,   5,  -3,   0,   0,   0,1458228129.572
  -2,  -1,  -5,  -4,   1,   5,  -1,  -2,1458228129.579
   0,  -1,  -1,   2,  -1,   1,  -3,  -4,1458228129.579
   0,   5,   3,  -1,  -2,   2,  -3,  -1,1458228129.594
   0,  -3,  -5,  -4,  -2,  -3,   1,   0,1458228129.594
  -1,  -5,  -5,  -2,  -6,  -2,  -1,  -3,1458228129.595
  -2,   1,   4,   1,   5,   4,  -1,   0,1458228129.595
   0,  -1,   0,   0,   2,  -2,  -1,   1,1458228129.616
   0,  -1,  -4,   0,  -9,  -6,   0,   0,1458228129.616
   1,   0,  -1,  -1,   2,  -1,   0,   1,1458228129.617
   0,  -3,  -1,   0,   1,   5,  -1,  -1,1458228129.624
  -2,  -1,  -5,  -1,  -2,  -5,  -5,  -5,1458228129.631
  -2,  -1,  -2,  -6,  -6,   0,   0,   1,1458228129.631
   2,   0,   0,  -2,   4,   7,   5,   2,1458228129.631
  -4,  -5,   0,   0,  -5,  -3,  -6,  -4,1458228129.631
  -2,  -2,  -5,   2,   9,   2,  -3,  -1,1458228129.654
  -1,   2,  -1,   6,   6,  -5,   0,   0,1458228129.654
  -3,  -1,  -1, -11, -14,  -4,  -2,  -3,1458228129.654
  -2,  -4, -11, -10,  -3,  -2,  -3,  -1,1458228129.655
  -1,   3,   5,   8,  23,   4,   0,   1,1458228129.684
  -1,  -5,  -6, -16, -30,  -6,  -1,  -1,1458228129.684
  -4,   1,   3,  -5,  -9,   0,  -3,  -2,1458228129.685
   0,   1,   2,  14,   7,  -3,  -1,   0,1458228129.685
  -4,   0,   1,  -6,  -6,   2,  -4,  -3,1458228129.691
   2,   2,  -3,   4,  16,   3,   4,   1,1458228129.691
  -1,  -8,  -6,   2,   3,  -1,  -2,  -3,1458228129.691
   1,   0,   1,  -3,  -8,  -3,  -1,  -1,1458228129.691
  -1,  -2,  -2,   3,  -5,   0,  -1,   0,1458228129.715
   0,   3,   6,   2,   6,   2,  -1,  -3,1458228129.721
   0,   0,  -3,  -1,  -8,  -1,   0,   0,1458228129.721
  -5,  -7,  -5,  -1,   6,   0,  -1,  -1,1458228129.721
   0,   0,   0,  -2,  -6,   0,   0,  -1,1458228129.736
  -1,  -1,   2,  -2,   2,   0,   1,   1,1458228129.736
  -1,  -2,  -5,  -3,  -5,  -1,  -1,  -1,1458228129.752
  -2,   3,   5,  -1,   6,  -1,  -2,  -3,1458228129.752
  -2,   1,  -4,  -4, -10,  -2,   1,  -1,1458228129.753
  -3,  -1,   1,  -1,   0,  -1,  -1,  -1,1458228129.753
   0,  -2,  -1,   2,   9,  -1,  -3,   0,1458228129.759
   1,   0,   0,  -4,  -5,  -3,  -3,  -1,1458228129.759
   0,  -3,  -2,   2,  -5,   2,   0,  -1,1458228129.774
   2,   4,   4,  -1,   3,   0,   1,   0,1458228129.774
  -2,  -4, -13,   3,   2,  -2,  -2,   0,1458228129.775
  -2,  -1,  -1,  -7,  -7,  -2,  -2,  -1,1458228129.775
  -2,   1,   3,  -1,  -4,   1,  -1,   0,1458228129.796
  -2,  -2,  -4,  -3,  -3,  -2,  -1,  -2,1458228129.796
  -1,   0,   2,   0,   5,   1,  -1,  -1,1458228129.798
  -1,   0,  -1,  -1,  -2,  -3,  -4,  -1,1458228129.804
  -1,  -1,  -2,  -3,  -2,   0,   0,   0,1458228129.810
   0,   3,   9,   7,   7,  -1,  -2,  -3,1458228129.810
  -2,  -7, -18, -10, -12,  -1,  -1,  -3,1458228129.819
  -4,   4,   9,   2,  -4,  -5,  -3,  -3,1458228129.819
   0,  -3,  -2,  -1,  -1,  -1,   0,   1,1458228129.834
   0,  -2,   1,  -1,  -2,   0,   1,   1,1458228129.834
  -2,   9,  15,   2,   4,  -2,  -1,  -3,1458228129.835
  -3,  -6, -10,  -3,  -3,   0,  -2,  -3,1458228129.835
  -1,   0,   2,   1,  -3,  -1,   0,   2,1458228129.856
   0,  -3,  -6,  -2,  -3,  -1,  -3,  -1,1458228129.856
   1,   3,   5,   1,   3,  -2,   0,   2,1458228129.858
   0,  -1,  -2,  -2,  -1,   0,  -1,   0,1458228129.858
  -2,  -1,   1,   0,   0,   0,  -1,  -4,1458228129.870
  -2,  -3,  -4,   1,   1,  -1,  -1,   1,1458228129.870
  -3,  -3,  -1,   0,   3,   1,   0,  -4,1458228129.879
  -1,  -3,   0,  -2,   2,  -1,  -1,   2,1458228129.879
   1,  -5,  -2,   2, -29,   8,   3,   0,1458228129.894
   0,   0,  -1,  -2,  39,  -8,  -6,   2,1458228129.902
  -4,  -7,  -2,   1,   2,   1,  -7,  -8,1458228129.902
   0,   0,  -1,   2,  -3,   2,   9,  -5,1458228129.902
  -3,   1,   1,  -4,  -3,   3,  -2,   1,1458228129.916
  -2,   4,   5,   3, -18,  -1,   6,   0,1458228129.916
  -1, -11,  -6,  -4,   5,   1,  -2,   1,1458228129.918
   0,   1,   0,   0,  16,   1,  -5,   2,1458228129.918
  -4,   5,   2,  -1,  13,   2,  -3,  -5,1458228129.930
  -2, -13,  -5,  -6,  11,  16,   0,  -2,1458228129.930
   2,   9,  11,  -3, -23, -13,   1,   3,1458228129.939
  -2,  -5, -13,  -5,  -3,   3,  -3,  -1,1458228129.939
   2,   3,  10,   2,   3,   1,  -1,   2,1458228129.954
  -6,  -1,  -5,  -5, -11,  -9,  -5,  -2,1458228129.954
  -1,  -3,   1,   1,   0,   2,   1,   0,1458228129.955
   0,  -2,  -1,  -3,  -5,  -2,  -3,  -2,1458228129.955
  -1,   1,   5,   1,   2,  -9,  -3,  -1,1458228129.976
   1,   1,  -2,  -2,   0,  -2,   0,   0,1458228129.976
  -1,   1,  -4,  -2,  -3,  -4,   0,  -1,1458228129.978
  -1,   0,   1,   1,   2,  -2,  -1,   2,1458228129.984
  -1,  -6,  -6,  -1,   1,  -1,   0,  -1,1458228129.990
  -1,  -5, -18,  -3, -10,   0,   0,  -3,1458228129.990
   0,  -2,  -5,  -1,   5,   0,   0,  -1,1458228129.999
   2,   0,  -1,   1,  -2,  -3,  -4,  -1,1458228129.999
  -1,  -2,  -2,  -2,  -2,  -2,   3,  -1,1458228130.014
   0,   4,  12,  -1,  -6,  -1,  -1,   0,1458228130.014
  -1,   8,   4,   2,   2,   0,   2,   2,1458228130.015
  -4, -15, -20,  -6,  -7,  -3,  -2,  -4,1458228130.015
  -2,  -5, -10,  -1,  -6,  -5,  -2,  -2,1458228130.036
  -4,  -2,   1,  -1,  -6,   0,   2,   0,1458228130.036
   2,   8,   9,   2,  10,  -1,  -1,  -2,1458228130.038
   1,   3,   6,  -1,  -1,  -1,  -1,  -2,1458228130.038
   1,  -4,  -3,   0,  -6,  -1,  -2,   1,1458228130.050
  35,   8,   3,   0,  -2,  -1,  -1,  -1,1458228130.050
 -32, -13, -12, -10,  -5,  -3,  -2,   2,1458228130.059
  -2, -10, -13,   2,  -6,  -4,   0,  -2,1458228130.059
   0,  11,  32,   6,   8,   0,   0,   7,1458228130.074
 -18, -31, -50, -12,  -4,   1,   2, -35,1458228130.083
  11,   6,   6,   6,  -9,  -1,   1,  32,1458228130.083
  -5,   2,   2,   1,  -1,  -1,  -3,  -6,1458228130.083
   1,   3,  -6,   0,   0,  -3,  -1,   0,1458228130.096
  -4,   4,  10,   2,  -4,  -4,  -4,  -3,1458228130.096
   5,  -3,  -5,  -1,   8,   3,   0, -13,1458228130.098
  -4,   2,   3,   2,  -1,  -3,  -1,   4,1458228130.098
   1,   3,   9,   0,  -1,   2,  -2,  -1,1458228130.110
  -6,  -8,  -8,  -2,  -3,   0,  -3,   7,1458228130.110
  29,  -9, -35,  -8,   3,  -2,  -4, -10,1458228130.119
   3,   6,  14,   1,  -7,  -5,   3,   8,1458228130.119
 -45,  -6,  -1,  -6,  -5,   0,  -3,  -5,1458228130.140
  -7,   0,  17,   7,   2,  -1,   1,   2,1458228130.140
  28,   7,  13,   6,   6,  -1,  -2,  -2,1458228130.149
 -19,  -7, -11,  -5,   4,  -5,  -9, -19,1458228130.149
  23,  -6, -21, -10, -13,  -4,   3, -11,1458228130.157
   3,   6,   8,   2,   8,  -4,   2,  27,1458228130.157
 -19,   4,  16,  -1,  -8,   0,   1, -12,1458228130.162
  12,   3, -15,   0,   4,   3,  -3,  -1,1458228130.171
  -8,  -7,  -7,  -5,  -1,  -1,  -7, -13,1458228130.171
  -3,   3,   2,   0,  -1,   1,  -6,   3,1458228130.171
  29,   0,   1,  -1,   3,  -4,  -2,   1,1458228130.179
 -57,  -6,   7,  -2,  -6,   2,   4,   7,1458228130.179
  -8,   2,  -1,   1,   8,   1,   3,  -5,1458228130.194
  41,   0,   0,  -2, -17,  -2,  -5, -21,1458228130.194
 -38, -19, -19,   0,   0,   0,   1,  37,1458228130.195
  88,  22,  33,   3,   5,   3,   2,  24,1458228130.195
 -93, -25, -62,  -7,  -8,  -3,  -7, -29,1458228130.224
  14,   1,   2, -11,  -8,   3,   4,  11,1458228130.224
 -22,   3,   6,   0,  -3,  -2,  -4,  -8,1458228130.225
  -7,  -3,  -1,  -3,   0,   0,   5,  -4,1458228130.225
  33,   7,  13,   9,   8,  -3,   1,  -2,1458228130.230
  -7,   2,  -3,   0,   0,   0,   0, -11,1458228130.230
  -1,  -1,  -4,  -3,  -5,  -1,   1,  -4,1458228130.239
  -3,   0,  -1,   1,  -1,  -2,   4,  -8,1458228130.239
  24,   1,   1,  -1,   2,   0,   2,  10,1458228130.254
 -25,  -5,  -4,  -1,  -5,  -5,  -4,   2,1458228130.257
  10,   1,   8,   1,   3,   9,  -4,  -3,1458228130.257
  -3,   1,   1,   1,  17,   0,  -2,  -3,1458228130.257
   8,  -1,   3,  -2, -12,   5,  -5,   8,1458228130.276
  -7,   0,   4,   3,  14, -20, -10,   6,1458228130.276
 -10,  -3,  -6, -13, -21,  69,  15, -10,1458228130.278
   4,   9,  14,  19,  62, -79,   4,   1,1458228130.278
   6,  -7,  -2,  29,  10, 117,  36,   9,1458228130.290
  -7,  12,  26, -25, -20,-119, -70, -11,1458228130.290
  25,  32,  69,  87, 104,  89,  74,  25,1458228130.299
 -17, -18, -44, -62,-125, -65,   6, -11,1458228130.299
 -19, -40, -76, -92, -48,-116, -52, -28,1458228130.313
   0,   3, -23, -83, -17, -48, -74,   6,1458228130.313
   4,   2, -21,  -5, -52,  83,  71,   2,1458228130.320
 -16, -29, -29,  32, -19, -52,   6,   2,1458228130.320
 -16, -10,  14,  -1,  33,  16, -59, -33,1458228130.336
  -2,  17,  64,  92,  98, 127, 105,   5,1458228130.336
  17,  14,  12,  53, -21,-115, -36,  12,1458228130.338
  20,  25,  53, 100,  85, 127,  22,  38,1458228130.341
   7,   3, -33, -21, -85, -25, -72, -23,1458228130.350
  -2, -24, -34, -53,   7, 127,   7,  14,1458228130.350
  -2,  13,  34, -25, -80, -52,  16,  21,1458228130.359
 -17, -17, -23,   9,  69,  54,  74, -40,1458228130.359
  16,   3,  32,  30,  82, -37, 127,  37,1458228130.373
  -3,  -4, -15,  -7, -69, -31, -83, -27,1458228130.373
 -31, -20, -36, -40,  70,-120,-122, -36,1458228130.380
  26,   1,  -5, -30, -65, 121,  71,  12,1458228130.380
  13,  27,  34, -11,  -4, -65, -99,  18,1458228130.404
 -22, -15, -22,  31,  46, -34, 127, -19,1458228130.404
 -41, -26, -34, -47, -35, -69, -56, -63,1458228130.405
  -9,   2,  -2, -37,  -5,  43,   5,  24,1458228130.405
  20,  16,  32,  61, 127,  93,  -7,  35,1458228130.419
  12,  11,  11,  37,  36,  98,  43,  11,1458228130.419
 -15, -22, -25, -13,  52, 102, -21, -21,1458228130.425
   7,  13,  16,  -2,  13, -84, -40,  -6,1458228130.425
   6,  -1,  -1,  20,  58,  63,  81,   1,1458228130.433
 -12,  -4,   0,   8, -52,   5, -24,  10,1458228130.436
   3,  -5,  -3, -33, -20,  80,  50,  -9,1458228130.440
   4,  -2,  -4,  18,  23,-128, -32,  -5,1458228130.440
  -5,  -6, -14, -49,-128, -63, -39,  -2,1458228130.456
 -12, -11, -11,  13,  75,-109, -75, -15,1458228130.456
  13,   1,   0,  -1, -17, -73, -32,  12,1458228130.458
   0,  12,  13,  -7,-128,  80, -36,  13,1458228130.458
  -8,  -5,   5,   6, -71, -57, -30, -20,1458228130.479
   9,  11,  14,   2, -26, -64, -28,   6,1458228130.479
   3,  -4, -10,  14,  25, -12,  25,   2,1458228130.482
 -10,  -8,  -6,  -5, 127,  15, -22,   2,1458228130.482
  -3,   5,  12,  13, -25,  26,  -9, -14,1458228130.493
  12,  -2,  -6, -10, -33, -22,  12,  14,1458228130.493
 -10,   3,   4,   9, -20, -70, -13,   4,1458228130.500
 -14,  -3,  -9, -26, -65, -36, -22, -25,1458228130.500
   5, -10,  -3,  11,  71,  63,  48,   9,1458228130.518
   0,  -3,  -4,   4,  53,  -4, -12,  -2,1458228130.518
  -9,  -4,  -4,  -5,  24, -11,   6,  -6,1458228130.519
  12,   3,  -3, -13, -68,  -8,  -8, -15,1458228130.523
 -14,   5,   6,  13,  30, -39,  15,   3,1458228130.538
 -26,  -5,   0,  14,  94,  94,  31,  20,1458228130.538
  20,   0,  -6,   5,  -3,  41,  17,  26,1458228130.546
   0,   0,   4,   9, -24, -52, -13, -10,1458228130.546
   0,  -6,  -5,  -9, -32,  24,   3, -19,1458228130.553
  29,   7,  11,  10, -22,  35, -10,  14,1458228130.553
 -47,   0,   4,  10,  25, -27, -25, -11,1458228130.568
  -2, -10,  -8,  -8,  19, -38, -25, -12,1458228130.568
  -2,  -1,  -2,   5, 110,  84,  13,  15,1458228130.576
  11,  -1, -10, -19, -29, -32,  14,   3,1458228130.576
   6,  -1,   0,   0,  48, -43,  -9, -30,1458228130.578
   4,  -1,  -1,   0,  47,  97,   7,  32,1458228130.578
   9,   1,   2,   7,  75,-106,  -5,   3,1458228130.599
 -31,  -3,  -6,  -9, -30,  -7, -19, -23,1458228130.599
  25,  -4,  -1,  -1, -92,   4,  11,  -4,1458228130.600
 -14,  -3,  -1,  -5,   7,  14,  -2, -10,1458228130.600
  17,   2,   2,   5,  10,  -7,  10,  19,1458228130.613
  -6,  -3,  -4,  -5,  -5,  12,   4, -14,1458228130.616
  -9,  -3,  -3,   3,  15, -17,   2,  15,1458228130.621
   4,  -1,  -1,  -1,  45,   3,   3,  -5,1458228130.621
 -15,   1,   0,   1, -37,   3,   3,  -6,1458228130.644
   6,  -1,  -3,  -5, -55, -36,  -4,  -4,1458228130.644
   5,   1,   1,  -4,  13,  33,  14,   5,1458228130.645
   6,  -1,  -1,   3,  34, -14, -10,  -7,1458228130.645
   0,   1,   1,   2, -32,  16,   4,  -2,1458228130.659
  -5,  -1,  -4,  -5,  -4,  16,   5,   2,1458228130.659
  38,   1,   0,   3,  14,  -4,  -3,   6,1458228130.662
 -56,  -5,  -4,  -6,  -8,  -1,  -2,  -2,1458228130.662
   8,  -1,   1,   0,  -7,  10,  -4,   2,1458228130.672
  -2,  -4,  -2,   4,   2, -15,  -1,  -4,1458228130.672
  19,   1,   0,  -3,  14,   8,  -4,  -1,1458228130.681
  -5,   0,  -1,  -1,  18, -19,  -4,  -3,1458228130.681
   0,   1,  -2,  -6, -74,  19,  10,   4,1458228130.695
  -2,  -1,   0,   1,  -8, -11,  -1,   1,1458228130.695
  -4,  -2,  -4,  -5,  16,  -3,  -3,  -3,1458228130.704
   5,  -1,   1,   2,   7,  17,   2,   0,1458228130.714
  -3,  -2,  -6,  -7,  -8, -24,  -5,   3,1458228130.719
   5,  -3,   0,  -1,  -7,  10,  -3,  -5,1458228130.719
  -9,  -1,  -2,  -1,  30,  24,   3,   1,1458228130.720
   7,   1,   0,  -4, -37, -25,  -3,  -5,1458228130.720
  -1,   0,   0,   1,  -8,  -1,  -1,  -1,1458228130.733
   2,  -2,  -3,   0,  -1,  -9,   0,  -1,1458228130.733
  -9,  -2,  -4,  -2,  25,   8,   3,   1,1458228130.741
   3,   0,   1,  -4, -32, -10,  -6,  -1,1458228130.741
   4,   2,   4,  -2,   3,  -6,  -1,  -1,1458228130.756
  -3,  -2, -12,  -6, -11,   2,   2,  -1,1458228130.756
  -4,   6,   4,   1, -10,  -3,  -2,   0,1458228130.758
   4,  -9,  -7,   3,  16,   8,  -2,  -2,1458228130.758
  -2,   0,   1,   0, -12,   0,  -3,   0,1458228130.779
   2,   1,   9,   1,   1,  -3,   4,   3,1458228130.779
  -9,   0,   1,  -2, -28,   3,  -2,  -1,1458228130.780
   6,  -3, -17,   0,   7,  -3,  -2,  -4,1458228130.780
  -3,   2,   4,  -1,   6,   0,  -2,  -2,1458228130.794
   0, -13,  -4,   0,  -1,  -6,  -1,  -2,1458228130.803
  34,  18,  21,   3, -14,  -2,   4,   8,1458228130.803
 -32,   0, -28,  -9,   7,   1,  -3,  -4,1458228130.803
  65, -20,   0,  -1,  -4,   0,   1,   8,1458228130.816
 -64,  11,   5,  -1,   2,  -1,   0,  -6,1458228130.816
  13, -24, -25,  -4,  -5,   1, -11, -12,1458228130.818
   6,  13,   8,  -2,  -7,  -3,   8,   2,1458228130.818
   2,  10,   0,  -4,  -7,  -1,   6,   0,1458228130.846
   5, -18,  -7,  -3,   3,  -2,   1,   1,1458228130.846
 -11,   9,   9,  -2,   2,   1,   0,   4,1458228130.853
   4,   0,   6,   2,  -4,  -3,  -5,  -3,1458228130.853
 -17,  -5,  -7,  -2,   5,  -1,  -3,  -5,1458228130.853
  18,   5,   3,   1,  -4,   0,  -1,   1,1458228130.853
 -20,   1,  -8,  -1, -10,  -4,  -2,  -5,1458228130.861
  12,  -9,   5,   0,   4,   4,   0,   2,1458228130.861
 -12,  -3,  -3,  -2,  -1,   0,   0,   1,1458228130.876
   8,  10,   3,   5,   4,   1,  -3,   0,1458228130.876
  -8, -14,  -5,  -5,  -8,  -5,   2,   0,1458228130.878
  -2,  -8,   0,   0,   1,  -1,  -8, -16,1458228130.889
 -10,   0, -13,  -3,   5,   1,   0,  10,1458228130.899
   8,  -2, -10,  -4,  -7,  -3,  -3,  -1,1458228130.899
   0,   0,  -1,  -5,  -7,   0,   3,   0,1458228130.900
   0,  -3,   6,   2,   1,  -1,   4,   9,1458228130.900
 -14,  -2,  -8,  -9,  -5,  -4,  -9, -14,1458228130.921
   8,   1,  19,  24,  11,   5,   4,  -2,1458228130.921
  -3,  -1,  -2, -21,  -7,  -1,   4,   6,1458228130.923
   3,   3,   3,   3,   3,  -2,  -5,  -1,1458228130.923
  -4,  -4, -20,   6,  -1,  -1,  -3,  -4,1458228130.936
  -1,   1,   6, -13,   0,   2,  -1,   0,1458228130.936
  -2,   5,   9,  12,   2,  -1,   0,  -1,1458228130.938
  -2, -15, -10,  -5,  -4,  -1,  -1,  -1,1458228130.938
  -5,   0,   1,  -2,   0,  -1,  -2,  -1,1458228130.959
   1,  -2,  -6,  -4,  -2,  -3,   0,  -1,1458228130.959
  -5,  -8, -19,   0,  -3,  -1,  -3,  -3,1458228130.960
   5,   6,   0,  -7,  -1,   0,   0,   1,1458228130.960
  -6,  -2,   2,   1,   0,   0,   1,   2,1458228130.972
   0,  -3,  -6,  -2,  -1,  -3,  -3,  -1,1458228130.980
  -1,   1,   8,   2,  -3,  -2,  -3,  -2,1458228130.981
   2,   2,  -5,  -5,  -3,   1,   2,   3,1458228130.981
  -2,   3,  11,  16,   6,  -2,   0,  -3,1458228130.996
  -1,  -6, -13, -13,  -2,  -2,  -5,  -5,1458228130.996
  -1,  -2,  17,  21,   4,   2,   0,  -1,1458228130.998
  -1,   1,   7,   6,   1,   1,  -1,  -1,1458228130.998
  -4,   2,   6,   0,   0,  -2,  -2,  -2,1458228131.019
  -1,  -5, -12,  -6,  -3,  -4,  -5,  -3,1458228131.019
  -2,  -6, -17,  -3,   1,  -1,  -3,  -2,1458228131.026
  -2,   3,  10,   3,   2,   1,  -1,  -1,1458228131.026
  -2,  -1,   0,  -5,   3,   0,  -1,  -2,1458228131.032
  -1,  -2,   0,   0, -14,  -2,  -1,  -2,1458228131.032
  -1,   2,   2,  -3,  -3,  -1,  -4,  -1,1458228131.041
   3,   6,  -2,   2,  -1,   0,  -1,   3,1458228131.041
  -5, -11,  -7,  -8, -10,  -1,   0,  -4,1458228131.056
   2,   2,   3,   1,   5,  -1,   1,  -1,1458228131.056
  -4,  -1,   2,  -5,  -3,  -1,  -1,  -2,1458228131.058
   1,  -1,   3,   0,  -1,  -1,   0,   0,1458228131.065
  -1,   6,   5,  -1,   1,  -1,   0,  -1,1458228131.079
  -2,  -1,   2,   1,  -1,   0,   0,  -1,1458228131.079
  -3,  -2,  -6,  -4,  -1,  -2,   0,  -2,1458228131.080
  -2,   0,  -2,   0,  -1,  -1,  -3,  -1,1458228131.080
  -1,   1,   0,  -2,   0,  -2,  -2,   0,1458228131.101
   1,   0,  -1,   0,  -1,  -1,  -2,  -1,1458228131.101
  -3,   1,  -1,  -3,  -3,  -2,  -2,  -1,1458228131.103
   0,   0,  -2,   3,   2,  -1,   1,   0,1458228131.103
  -2,  -4,   1,  -3,  -5,  -1,  -2,  -1,1458228131.124
   2,  -2,   5,  -1,   0,  -2,  -2,  -1,1458228131.124
  -1,  -2, -10,   1,   2,   2,  -1,  -1,1458228131.125
  -3,  -8, -22,  -5,  -1,  -1,  -1,  -3,1458228131.125
   0,   4,   4,  -2,  -2,   1,  -1,   0,1458228131.138
   1,  -3,  -6,  -1,   1,  -2,  -1,   1,1458228131.139
  -2,  -5,  -2,  -4,  -1,  -2,   2,  -1,1458228131.140
   0,   3,   8,   1,   1,  -1,   0,  -1,1458228131.140
   0,   2,  -1,   0,   2,   0,  -3,  -2,1458228131.152
  -1,   3,   2,  -3,  -3,  -1,  -1,  -2,1458228131.160
  -1,  -9, -10,  -1,  -2,  -3,  -2,   0,1458228131.169
  -3,   1,   4,   3,   0,  -1,  -1,  -3,1458228131.169
  -1,  -3,  -1,  -1,  -1,  -2,  -1,   0,1458228131.176
   0,   0,   0,  -1,  -2,  -1,  -2,   0,1458228131.176
   0,   0,   2,  -4,  -4,  -2,  -3,   0,1458228131.178
  -2,  -2,   2,  -1,   0,   0,  -1,  -4,1458228131.178
  -1,  -1,  -2,  -1,   1,  -1,   0,   0,1458228131.199
  -4,  -3,  -4,   0,  -2,  -2,   0,  -1,1458228131.199
  -1,   2,   2,  -1,  -3,  -3,  -2,  -2,1458228131.206
   1,  -1,   1,  -1,  -4,   0,  -1,   0,1458228131.206
   0,   2,   7,   2,  -1,   0,   0,  -2,1458228131.212
   0,   0,  -2,  -3,   0,  -2,   0,   0,1458228131.212
   0,  -2,  -3,  -2,  -2,  -2,  -2,   0,1458228131.221
   0,  -1,  -2,  -1,  -1,  -1,  -3,   0,1458228131.221
  -2,  -4,  -2,  -2,  -2,  -1,   1,  -2,1458228131.235
  -2,   0,  -4,   3,   3,   0,   0,  -2,1458228131.235
   0,   1,   4,   0,  -4,  -1,  -1,  -2,1458228131.242
  -4,  -1,   4,  -1,  -3,   1,  -1,  -1,1458228131.249
  -1,  -2,  -7,  -1,   2,  -2,   0,   0,1458228131.259
   0,  -4,  -1,  -2,  -2,  -2,   0,   0,1458228131.259
  -2,   2,   2,  -2,   1,  -1,  -2,  -3,1458228131.260
  -3,  -2,  -4,  -2,  -2,   0,   0,   1,1458228131.260
  -2,   0,  -1,   0,   0,  -4,  -3,   1,1458228131.272
  -2,   3,   0,  -1,  -3,   0,  -2,  -2,1458228131.272
  -5, -22,  -4,  -1,  -2,  -2,  -4,  -6,1458228131.281
  -2, -20,   0,  -1,  -3,  -1,   1,  -2,1458228131.281
   1,  -5,  -6,  -4,  -3,  -2,   1,   0,1458228131.296
  -3,   3,   2,   0,  -4,  -1,   1,   1,1458228131.296
   3,  -1,  -2,  -4,  -1,  -1,   1,   2,1458228131.298
  -8,   6,   4,   1,   0,   1,  -3,  -6,1458228131.298
   3,   3,   0,   4,  -1,   0,   0,   4,1458228131.319
   5,  -3,  -5,  -4,  -2,  -2,  -3,  -2,1458228131.319
 -17,   1,  -3,   1,   0,  -2,  -2,  -4,1458228131.320
   8,   2,  -3,  -3,  -1,  -2,   1,   9,1458228131.320
  -1,   1,  -1,  -4,  -2,  -2,   0,  -3,1458228131.332
  -4,   0,   1,   3,   1,   0,  -2,  -1,1458228131.339
   2,   4,   3,  -3,   1,  -1,   0,   1,1458228131.341
  -2,   2,   0,   4,   0,  -2,  -1,  -3,1458228131.341
  -4,  -2,  -1,   1,  -1,  -2,   0,  -3,1458228131.356
   1,  -6,  -4,  -3,  -3,  -1,  -1,   0,1458228131.356
   0,   4,   1,  -1,  -2,  -1,  -2,   0,1458228131.358
   0,   1,  -1,   1,   0,  -1,  -2,  -1,1458228131.358
   0,  -2,  -2,  -2,  -1,  -1,   0,  -2,1458228131.379
  -2,  -1,  -4,  -1,   0,  -2,   0,  -3,1458228131.379
   2,   2,   1,  -1,  -3,  -1,   1,   1,1458228131.389
  -1,   3,  -2,  -1,  -2,  -1,  -1,   3,1458228131.389
  35,  -1,  -1,   1,   1,   3,  -2,  -3,1458228131.392
 -38,   1,  -3,  -4,  -2,  -3,  -2, -17,1458228131.392
  60,   6,  -4,  -1,   1,   0,  -2,  -3,1458228131.401
 -85,  -6,  -3,  -3,   0,  -3,  -1, -22,1458228131.401
  14,   1,   6,  -1,  -3,  -3,   0,  30,1458228131.416
  14,  -2,  -1,  -1,   1,  -1,  -2,   0,1458228131.416
  -4,  -2,  -4,  -1,  -3,  -2,  -1,  -1,1458228131.418
  37,   4,   1,  -1,  -4,  -1,  -1,  -6,1458228131.425
   0,  -1,  -1,   1,  -1,  -1,   0, -13,1458228131.439
   6,  -3,   0,  -2,  -3,  -2,   1,   3,1458228131.439
 -38,  -3,  -2,   0,   0,  -2,  -2,  -1,1458228131.440
  17,   0,  -2,   0,   0,  -2,   1,   8,1458228131.440
 -18,   0,  -4,  -3,  -3,   0,   0,  -5,1458228131.461
  17,  -1,  -2,   0,  -2,  -1,  -1,   4,1458228131.461
   1,   0,  -1,   0,   0,  -2,  -1,  -3,1458228131.463
   4,  -1,  -2,  -3,  -2,   0,  -2,   4,1458228131.463
 -10,  -2,  -1,   1,  -2,   0,  -2,  -3,1458228131.475
   3,   0,   0,   0,   0,  -1,  -1,  -6,1458228131.475
  -5,  -1,   4,  -1,  -1,  -1,  -2,   6,1458228131.482
  -3,  -1,  -7,  -2,  -2,  -2,  -3,   1,1458228131.482
  -3,  -6,  -5,  -1,  -2,   0,  -2,  -8,1458228131.499
  -6,   2,   0,   1,   1,   0,   0,   9,1458228131.499
 -10,  -3,   0,  -4,  -2,  -3,  -1,  -1,1458228131.500
  10,   1,   1,   0,  -2,  -1,  -1,   2,1458228131.500
  -7,  -1,  -1,  -2,  -1,  -1,  -1,  -5,1458228131.521
  -3,  -1,  -3,   0,   0,  -1,  -1,   1,1458228131.529
  -3,  -2,  -5,  -2,  -1,  -1,   1,  -1,1458228131.529
   7,   1,   0,  -2,  -2,   0,  -2,  -4,1458228131.529
  -7,  -2,  -3,  -1,  -1,   0,  -1,  -2,1458228131.535
  -5,  -2,  -1,  -2,   0,  -1,  -1,  -1,1458228131.535
   1,   1,  -2,  -2,  -4,  -2,  -1,  -4,1458228131.544
  -1,  -2,   1,   2,   1,  -1,  -1,   1,1458228131.544
  -6,   1,   2,  -1,  -3,   0,  -2,   0,1458228131.559
   1,  -1,   4,  -1,   1,  -2,  -1,  -2,1458228131.559
  -1,  -2, -13,  -2,  -1,   2,  -3,  -4,1458228131.566
  -3,  -2,   0,  -1,   0,  -1,  -1,   0,1458228131.566
  -5,   1,   2,   0,   0,  -3,  -3,  -3,1458228131.581
  -1,  -1,  -2,  -3,  -3,  -2,  -1,  -3,1458228131.581
  -1,  -1,  -2,  -2,  -2,  -2,   0,  -1,1458228131.583
   1,  -1,   0,   0,  -1,   0,   1,  -1,1458228131.583
  -1,  -2,  -2,  -2,   1,  -1,  -2,  -3,1458228131.596
   9,  -3,   1,  -2,  -2,  -1,  -1,  -3,1458228131.596
 -16,  -3,   1,   1,   0,   0,  -2,   1,1458228131.602
  24,  -2,  -2,   0,  -1,   0,  -2,   4,1458228131.609
 -27,   1,   1,  -2,   1,  -3,   1,  -1,1458228131.619
   7,  -5,  -7,  -3,  -2,  -2,  -2,   2,1458228131.619
  30,   4,   0,  -1,  -1,   1,  -1, -18,1458228131.620
 -37,  -7,  -3,  -1,   0,  -1,   0,   4,1458228131.620
  25,   0,  -2,  -1,  -1,   0,   0,  -2,1458228131.641
 -32,  -2,  -2,  -2,  -1,  -3,  -1,  -8,1458228131.641
   2,   5,  -1,   0,   0,  -1,   0,   8,1458228131.643
 -24,   3,   1,  -3,  -3,  -2,  -5, -17,1458228131.643
  44,  -9,  -5,  -1,  -1,   0,  -1,  -4,1458228131.656
 -22,  27,   1,   1,   0,   1,   0,  17,1458228131.656
   5,  -7,  -1,   0,   1,  -2,   1, -11,1458228131.662
  59,  -3,  -1,   2,  -3,  -1,   1,   7,1458228131.662
 -68,   3,   7,  -1,  -1,  -1,   1,   2,1458228131.679
  32,  -3,  -2,   3,  -1,  -1,  -3,  -7,1458228131.679
 -16,   0,  -1,  -1,  -1,  -1,  -2,   4,1458228131.680
  -6,   2,  -2,  -4,  -2,   1,   0,   0,1458228131.680
  12,  -3,  -1,   2,   2,  -3,   3,   7,1458228131.701
  -1,   5,   5,   0,  -1,  -2,   0, -13,1458228131.711
 -17, -40, -15,   0,  -2,  -3,  -6,  -8,1458228131.711
  -1,  -7,  -1,  -4,  -2,   2,   5,  44,1458228131.711
  97,   6,   1,  -1,  -2,   0,  -5,  -7,1458228131.716
 -95,  -7,   2,  -4,  -4,  -1,   3,   8,1458228131.716
   6,  19,   7,   2,  -2,  -1,  -4, -18,1458228131.722
  -2,  -3,   0,   4,   1,  -2,  -3, -59,1458228131.722
   1,  -7,   2,   1,  -1,   1,  -2,   8,1458228131.739
 -61, -18,  -4,  -6,  -3,  -4,  -3,   6,1458228131.739
  18,   8,  16,   3,   4,  -1,  -5, -15,1458228131.746
  41,   3, -13,  -1,  -3,  -2,   4,  32,1458228131.746
  45,  35,  10,   1,   0,   0,  -5, -72,1458228131.769
 -29, -41, -17,  -4,  -5,  -1,   3,  27,1458228131.769
  90,  21,   1,  -3,  -2,  -1,   5,   1,1458228131.770
-128, -17,   2,  -6,  -1, -13,  -1,  31,1458228131.770
  37,  -7, -10,  -3,   2,  10,  -5, -37,1458228131.775
  47,   7,  -2,   0,   3,  -6,   3,   6,1458228131.775
 -24,  -7,  -6,   0,   1,  15,  -3, -30,1458228131.784
  37,   4,   2,  -6, -18, -70, -11,  -2,1458228131.791
 -38,   6,   6,  -2, -49,  71,  15,  33,1458228131.799
  11,  -4,   3,  -5,  63, -30, -10, -15,1458228131.799
   6,  24,  29,  -4, -50,  68,  58,  34,1458228131.800
  13,  13,   6,  59,  39, -77, -66, -17,1458228131.800
 -57, -16, -16, -45, -72,-106,  33,  -6,1458228131.821
  52,  32,  60, 116, 118, 127, -55, -13,1458228131.821
 -61, -60, -93,-103, -97, -55, -44, -39,1458228131.823
  -8, -19, -88,-106,-111, -77,  -6, -12,1458228131.823
 -40, -25, -33, -18,  73,  80,  73,  16,1458228131.835
  34,  -4, -25, -29, -12,   6,  21,  22,1458228131.835
 -13,  14,  47,  19,  69,   7,  30,   4,1458228131.844
  10,  11,  65, 108,  87, 105,  35,  11,1458228131.844
  -1,  11,  -1,   2,  23, -97, -74,  12,1458228131.859
  29,   6,  -1, -17, -35,  98, -46, -21,1458228131.859
  -6,  17,  13,  23,  31, -45, -36,  13,1458228131.860
  28,  -9,   8, -40,-116, -44, -38,  63,1458228131.860
 -89, -10, -14,   0, 127, -37, -61,  -6,1458228131.881
  90,  11,   1, -26, -83,-119, -40, -41,1458228131.889
 -96, -31, -23,  -3,-103,  22, -31,  46,1458228131.889
  67,  22,  24,  28, 127, 127,  84, -20,1458228131.889
  -1,   3,  14,  -3, -25, -51, -84, -15,1458228131.895
  17,   7,  -1,   8,  59,  43, 127,  11,1458228131.895
  22,  17,   0,   0,  87, -23,-118,   5,1458228131.904
   3, -25, -29, -25, -60,  36,  73, -49,1458228131.904
 -26,   4,  17,  24,  33, 127,  83,  30,1458228131.919
 -41, -15, -29, -22,  57,  13, -41, -32,1458228131.919
  40,  12,  21,  39,  28,  85,  89,  18,1458228131.926
  17,   2,   1, -15,   3, -30,  15,   3,1458228131.926
 -82, -12,  -7,   4,  -1, -20, -21, -22,1458228131.941
  -9,  -9,  -7, -20, -97, -75,  20,  23,1458228131.941
  -7,   2,   5,   5,   7,   3,  41,  -5,1458228131.943
  -8,   2,   2,   1,  36,-128,-109, -31,1458228131.943
  49,   3,   5,  -1, -53,  16, -15,  16,1458228131.955
 -21,  -1,  -3,  -5, -62, -29, -23, -10,1458228131.955
  -8,   1,  -3,   4,  54,  72,  32,   8,1458228131.964
 -20,  -7,  -8,   1,  17,  -3,   0,  -8,1458228131.972
  35,   2,   0,  -9, -13, -84, -36,  -9,1458228131.979
 -21,  11,  11,  16,  32,  37,  35,  19,1458228131.979
   8,  -4,   0,   2, -37,-128,  -6, -10,1458228131.980
  26,  15,  -1, -16,  -9,  52, -16,  50,1458228131.980
 -66, -11,   2,  -1, -20, -17, -21, -23,1458228132.001
  36, -10, -12, -10,   4,  -1,  -8,   0,1458228132.001
   6,   5,  13,  12,  28,   8,  56,  54,1458228132.003
  24,  46,   4,  -7,  -8,  -9,  -2,  -3,1458228132.003
 -25, -70,  -2,  -1, -79,-127,   4, -28,1458228132.015
  47,   4,  -3,  -8, -33,  27, -31,  47,1458228132.015
 -19,   1,  -8,  -1,  10, -62,  13, -54,1458228132.024
 -50,  13,   8,   4,  13,  13,   4,  -4,1458228132.024
  57,  19,   4,   9,   8,  50,  59,  12,1458228132.039
   7,  20,  -5, -14, -50,-128, -21, -31,1458228132.039
 -51, -23,  -5,   5,  19,  77, -14,  -6,1458228132.040
 -14,  -2,   0,   4,  31,  18,  -3, -18,1458228132.040
  18,  19,  -3,  -8, -39,   4,  -2,  -7,1458228132.061
   1, -10,   5,   6,   9,   8,  17,  -8,1458228132.069
   7,  23,   1,  -4,   2,   0, -26,  23,1458228132.069
 -13,  16,  -2,   2,   7,  -9,  17, -39,1458228132.069
  13, -66,  -7,   7,  13,  15,  11,  24,1458228132.075
 -21,   3,  -2,  -2,  23,  16,  -3,  20,1458228132.075
  32,  -2,  -6,  -7, -31, -30,   3, -18,1458228132.084
   2, -20,   0,  -2, -12,  15,  -5,  -1,1458228132.084
  20,  23,  -1,   7,  20,  18,   0,  15,1458228132.098
  -9,  -4,  -4,  -6,  -6,   0,   3,   5,1458228132.098
   0,  -7,  -5,  -4,  -1,  -5, -14, -22,1458228132.106
 -36, -16,   1,   0,  -8,   4,  -2, -14,1458228132.106
  44,  26,   1,   0,  12,  28,  13,  17,1458228132.129
 -41,  -6,   2,   2,   6, -23,  10, -19,1458228132.129
   5,  -5,  -4,  -3, -10,   0, -13,   2,1458228132.130
  33, -12,  -3,  -4,  -6, -14,   1,   8,1458228132.130
 -30,   6,  -1,   8,  19,  26,  15,   3,1458228132.135
  -4,  -4,   0,  -4,   3,  10,  -5, -12,1458228132.135
  15,  -4,  -3,  -1, -12, -33,  -7,  -3,1458228132.144
  -8, -11,  -1,  -1,  -5,  26,   1,   5,1458228132.153
   8,  10,   0,  -3,  -2,  -6,  -4,  -7,1458228132.160
 -17,  -4,  -1,   6,  19,  15,   9,  -6,1458228132.160
  19,   1,  -3, -12,  -5,  -5,  -5,   5,1458228132.165
 -17,  -8,  -2,   7,  -1,  -1,   2,  -3,1458228132.165
  -1,   6,   1,  -2,   4,   5,   2,   3,1458228132.181
  -4,  -5,  -4,  -7,   0,   5,   3,  -4,1458228132.181
  -6,  -2,  -3,  -8,  -6,   2,  -4,  -4,1458228132.183
  -5,  -4,   3,   1,   0,  15,   7,   0,1458228132.183
  -1,   4,   1,  -2,   3,   5,  -1,   0,1458228132.195
   2,  -1,  -1,  -1,  -6, -12,   0,   0,1458228132.195
   2,  -1,  -1,   0,   3,   4,   7,  -1,1458228132.211
 -11,  -5,  -3,  -9,  -5,  -8, -29,  -5,1458228132.211
   7,   3,  -8, -22, -13,  -9,   0,   3,1458228132.218
  -8,  -2,  -2,  -3,   3,  -6,   4,  -6,1458228132.218
   0,   1,   5,  11,   6,  11,  -4,  -2,1458228132.225
  -1,  -4,  -4,  -1,  -3,   2,  13,   2,1458228132.225
   0,   3,   2,   5,   5,  -5, -12,  -1,1458228132.241
  -3,  -3,  -1,   0, -10,   1,  -3,  -2,1458228132.249
  -3,  -5,  -6,   3,  11,  -4,  -2,  -2,1458228132.249
   1,  -3,  -3,  -4, -21, -18,  -4,   1,1458228132.249
  -1,   1,  -1,   0,   2,  -5,   9,  -1,1458228132.255
  -7,  -1,   1, -12,   2,  26,  10,  -2,1458228132.255
   2,   0,   3,  16,  14,  19,   1,   3,1458228132.264
  -6,  -5,  -3,  -2, -13, -22, -13,  -6,1458228132.264
   0,   1,   1,   3,  -2, -11,  10,   2,1458228132.278
   2,   0,   1,   4,  13,   7, -14,   0,1458228132.278
  -3,  -3,  -4,  -7,  -5,  16,   2,  -1,1458228132.286
  -2,  -4,  -1,  -2,   5,   5,   7,  -1,1458228132.286
  -2,  -1,  -1,   1,  -2, -20, -19,  -2,1458228132.303
  -1,  -4,  -2,   1,  -9, -15,  12,  -1,1458228132.303
   0,   0,  -1,  -2,  -1,  47,  -6,  -4,1458228132.304
  -4,  -1,  -3, -13,  -1,  12,   2,   1,1458228132.304
   1,   0,  -3,   5,   8,  26,   2,  -1,1458228132.315
   0,  -1,   0,   1,  -4, -11,  -1,   0,1458228132.315
  -2,  -2,  -6,  -4,  -9, -18,  -1,   0,1458228132.324
  -1,   1,   4,  -1,   7,   6,  -4,  -4,1458228132.332
  -2,   0,   1,  17,  -4,  -3,   4,   0,1458228132.338
  -1,  -3,  -5,  -6,  -8, -21,  -6,  -5,1458228132.338
  -2,   0,   0,  -9,  -7, -34,  -7,  -2,1458228132.345
  -1,  -3,  -3,   2,   5,  17,   7,   3,1458228132.345
   0,  -1,   0,  -5,   3,  20,  -3,   0,1458228132.361
  -3,  -2,   0,   4,  -2, -44,   3,   0,1458228132.361
   1,   0,   1,   4,  31,  25,   0,  -2,1458228132.363
  -1,   1,  -1,  -2, -19, -26,   1,   0,1458228132.363
   0,  -2,  -2,   0,  -6, -47,  -4,   0,1458228132.384
  -2,  -3,  -4,  -4,  -8, -38,  -3,  -3,1458228132.384
   1,  -1,   0,  -2, -12,  43,  10,   4,1458228132.385
  -1,  -2,  -1,  -1,   8,  -4,  -7,  -2,1458228132.385
  -1,   1,   1,   3,  50,  79,   9,   1,1458228132.398
  -1,  -1,  -2,  -1,   2,  66,   2,  -2,1458228132.398
  -2,  -1,   0,  -7, -44, -70,  -3,  -2,1458228132.405
   1,   1,   1,   5,  -7, -34,  -1,  -2,1458228132.405
   0,  -2,  -7, -14, -20,  -9, -10,   0,1458228132.421
   0,   0,   4,   8,  16, -31,  -1,  -1,1458228132.429
  -1,  -1,   4,   6,  49, 121,  14,   2,1458228132.429
   1,   0,   0,   0, -56, -50,  -4,  -1,1458228132.429
  -9,  -1,  -3,  -6,  27, -41,   6,   1,1458228132.444
  -4,   1,   3,   3, -14,  42,  -6, -13,1458228132.444
  -2,  -1,  -4,  -3, -27, -59, -12,  -4,1458228132.445
  -1,  -8,   2,   0,  12,  22,   3,   4,1458228132.445
  23,   1,  -8,  -9,  -4,  25,  -5,  -7,1458228132.458
 -10,   3,  18,   5,  36,   3,  -2,  -1,1458228132.458
 -34, -14, -39,  -5, -21, -57,  -6,  14,1458228132.466
   6,   4,   1,  -3,  22,  21,  -7,  -8,1458228132.466
  33,   1,   0,   3, -51,   9,   8,   7,1458228132.480
 -92,   3,  -5,  -8,  23, -11,   0,  -5,1458228132.480
  20,   5,   8,   9,  20,   1,   0, -16,1458228132.489
  -1,  -5,  -5, -10,  16,  -8,   1,   5,1458228132.489
   1,   1,  -4,  -3, -28,   6,  -3,   1,1458228132.504
  31,  -1,  -9, -10, -51, -68, -16,  -1,1458228132.504
  -1,   3,  14,  14,  75,  77,  17,   7,1458228132.505
 -13,  -2,  -1,   3,  17,  11,   7,  -5,1458228132.514
  -2,  11,  13,   1,  -7, -38,  -3,  -5,1458228132.518
  19,  -7,  -6,  -2,  -8,  47,   8,   4,1458228132.518
  -5,  -5,   2,  -7, -31, -37,  -9,  -4,1458228132.526
  11,   1,   6,   7,  19,  18,   6,   1,1458228132.526
 -16,  -2,  -2,   2,  16, -12,  -6,  -3,1458228132.541
   2,  -2,  -4,  -6, -33,  11,   1,   1,1458228132.541
   5,  -1,  -1,  -4,   1, -24,  -4,  -2,1458228132.543
  -1,   1,  -3,   2,   2,  16,   2,   0,1458228132.543
 -13,  -3,   4,  -2,  -4,  -4,  -2,  -2,1458228132.564
   9,  -2,  -4,  18,  27,  11,   6,   4,1458228132.564
   6,  -3,  -8, -16, -47, -13,  -8,  -8,1458228132.565
  -6,  -2,  -4,  -2,  23, -16,  -2,  -1,1458228132.565
 -10,  -6,  -4,  -2, -54,   5,  -6,  -7,1458228132.577
  14,   1,   3,  -7,  26,  15,   1,  -2,1458228132.577
   0,   1,   3,   9,  -4,   8,  10,   4,1458228132.586
  -9,  -4,  -8, -12, -43, -58, -11,  -4,1458228132.586
  -4,  -3,  -2,  -4,  26, -12,  -8,  -1,1458228132.601
   7,   1,  -1,  -1,   8,  35,   9,   2,1458228132.609
  -1,   2,   4,   3,  34,  -8,  -5,   0,1458228132.609
  -4,  -4,  -6,  -7, -49,  -5,   2,  -3,1458228132.609
  -3,  -2,   3,  -2,  -4, -18, -28, -10,1458228132.624
   2,  -3,  -5,  -5,   0,  -1,   6,   3,1458228132.624
   1,   2,   5,   8,  12,  -2,  -1,   0,1458228132.625
   2,   0,   0,  -8,  -3,  -6,  -9,  -2,1458228132.625
  -4,  -5, -14, -30, -12, -10,   6,   3,1458228132.654
   3,   2,   4,  11,   7,  14,  -2,   1,1458228132.654
   2,   2,   5,   0, -12, -19,  -4,   1,1458228132.662
   0,   3,   6,  21,  38,  48,   0,  -2,1458228132.662
  -3,  -2,  -2,  -4, -12, -19,   9,   3,1458228132.662
   0,   0,  -1,   5,  11, -11,  -3,   1,1458228132.662
  -3,  -8, -11, -38, -31, -13,  -3,  -5,1458228132.663
   0,   4,  -5,  11,   4,  12,  -2,   0,1458228132.663
  -5, -11,  -7,   1,  15,  14,   2,  -1,1458228132.684
   2,   1,   1,  -3,  -8, -23,   0,   0,1458228132.684
   0,  -1,   2,  12,  -5,  -4,  -6,  -2,1458228132.685
   1,   1,  -1, -12,  -9,   5,  -1,   0,1458228132.695
   1,   0,   0,   9,  25,  10,   5,   1,1458228132.697
   1,  -3,  -1,  -2,   2,  -8,   0,  -1,1458228132.698
  -3,  -1,   2,  -3,  -4,   5,  -2,  -3,1458228132.706
   0,  -1,   3,  -2,   6,  17,  -2,  -2,1458228132.706
   1,   2,   2,   6,   4, -27,   3,   2,1458228132.721
   0,  -4,  -7, -12, -20, -14,  -3,  -3,1458228132.721
   0,   2,   3, -11,  -1,  -1,  -4,  -1,1458228132.723
   2,  -1,   2,  17,  24,  12,   3,   3,1458228132.723
  -4,  -4,  -8, -30, -10,  11,   1,  -2,1458228132.744
   0,   0,  -2,  -6, -19, -15,  -7,  -3,1458228132.744
  -1,   0,   0,   9,   5,   3,   2,   0,1458228132.745
   1,  -1,   2,   2,   1,  -7,  -1,   1,1458228132.745
   0,  -1,  -2,  22,  13,  20,   6,   1,1458228132.766
  -3,  -5,  -7,  -5, -15,  -8,  -6,  -3,1458228132.766
  -2,  -2,  -2,  -6,   1, -10,   0,  -1,1458228132.768
  -2,  -2,   2,   3, -18,  -5,  -3,  -2,1458228132.768
  -1,   1,   1,  10,  18,  -9,  -2,  -3,1458228132.781
   0,  -3,  -6,  -6,   2, -11,  -5,  -4,1458228132.790
   0,  -3,  -2,   4,  -9, -12,  -6,  -2,1458228132.790
  -1,   2,   4,  -5,  12,  58,   5,  -1,1458228132.790
  -4,  -3,  -2,  22,  15,  18,  -3,  -2,1458228132.804
   0,   0,  -1, -13,  -9,   2,   6,   4,1458228132.804
  -4,  -2,  -3,  27, -16, -17,  -2,  -3,1458228132.805
  -2,  -3,  -3, -10,  12,  -9,   4,   2,1458228132.805
  -2,  -3,  -8, -29, -21,   3,  -8,  -4,1458228132.817
  -2,  -1,   1,  17,  16,   2, -11,   0,1458228132.817
  -2,   0,   1,  -7, -14,  -5,  13,   4,1458228132.834
   0,  -1,   0,  -2,  -5, -17,  -4,  -3,1458228132.834
   2,   3,   9,  18,  12,  15,   3,   1,1458228132.841
   1,   0,   1,  -1,  27,   9,   6,   5,1458228132.841
  -5,  -3,  -4,  -2, -25,   1, -14,  -8,1458228132.843
  -1,  -2,  -3,   2,  -1, -11,  -1,  -3,1458228132.843
  -2,  -1,   1,  -7, -12, -17,   1,   0,1458228132.864
   6,   0,  -4,  -3,  -1,  13,  -1,  -3,1458228132.864
  -3,  -1,  -1,  -2,   9,   0,   0,   3,1458228132.865
  -1,  -2,  -5,  -4,  -2,  -6,   2,   2,1458228132.874
  -3,   0,  -2,  -1, -12, -10,  -2,  -5,1458228132.877
   0,   0,  -1,  -1,  -3,   1, -11,   0,1458228132.877
   0,   1,   1,   2,  13,   9,   6,  -1,1458228132.894
  -3,  -5,  -4,  -4,  -8, -21, -11,  -3,1458228132.894
   3,   1,   1,  -1,  10,  -1,  -6,   3,1458228132.901
  -4,  -1,   0,   2, -15,   3,  18,   0,1458228132.901
   1,  -1,  -2,  -4,   6, -10, -14,  -4,1458228132.903
  -3,  -1,  -2,  -3,   9,   8,  -4,  -2,1458228132.903
  -1,   1,  -1,   0, -12,  -5, -20,   0,1458228132.924
  -3,   0,   1,  -4,  -5,   1,  14,   1,1458228132.924
  -1,  -1,  -7,  -7,  -2, -16,  -2,   2,1458228132.926
   1,  -2,  -3,  -4,  -1,  12,  10,   3,1458228132.926
  -4,  -2,   0,  29,  16,   5,   6,  -1,1458228132.937
  -2,  -3,  -3,   4, -14, -22,  -8,  -4,1458228132.937
   2,   1,  -1, -16,  -7,   0,   2,   0,1458228132.946
   0,  -2,  -1,   1,   1,  -5,   2,   2,1458228132.946
   0,  -1,   1, -12, -19,   2,   2,  -1,1458228132.961
  -2,  -1,   0,   9,   8,  -3,  -5,  -2,1458228132.970
  -2,  -1,  -4,  -9,  -4,  11,   4,   0,1458228132.970
  -1,  -2,  -1,  13,  -3,  -8,  -3,  -1,1458228132.970
   0,  -1,   1,  -8,  13,   8,   7,   0,1458228132.984
  -4,  -3,  -3,  -5, -12,  -2,  -3,  -4,1458228132.984
  -1,  -1,   1,   1,   1,   0,  -4,  -1,1458228132.985
  -2,   0,  -2,  -5,  -3,  -1,   2,  -1,1458228132.985
   0,  -3,  -4,  -4,   0, -11,   2,  -1,1458228132.997
  -1,  -2,  -1,  -1,   0,   1,  -5,  -1,1458228132.997
  -2,  -1,  -1,   2,   5,   4,  -5,  -1,1458228133.006
  -2,  -1,   0,  -5,  -8,  -9,  -2,  -3,1458228133.006
   0,   2,  -1,   0,   3, -13, -13,   1,1458228133.029
  -1,  -1,  -2,  -8,  -7,  -1,  14,  -4,1458228133.029
  -1,  -1,  -1,   5,   4,   7,   2,   1,1458228133.030
   0,  -1,   0,  -1,   1,   1,  -1,   0,1458228133.030
  -2,  -1,   0,  -8, -12, -19,  -4,  -5,1458228133.044
   0,   0,   1,   0,   1,   3,  -5,   0,1458228133.044
  -1,  -7,  -3,  -2,   0,   1,  -1,  -3,1458228133.046
  28,   1,  -1,  -5,  -7,  -3,   3,   3,1458228133.054
 -40,   7,   9,   3,  11,   9,   0,   0,1458228133.057
   6,  -5,  -8,  -1,  -5,  -2,  -7,  -5,1458228133.057
   0,  -5,  -5,  -2,  -4,  -3,   0,  -2,1458228133.066
  -6,   1,  -1,   2,   2,  -2,  -4,   0,1458228133.066
  15,  -5,  -5,  -4,  -3,   5,  10,   2,1458228133.081
  -7,   1,   3,  -3,  -3,  -2,  -1,  -3,1458228133.081
  -3,  -5,  -1,  -2,   0,  -3,  -2,  -1,1458228133.083
  -4,   0,  -3,  -3,  -3,  -5,  -2,  -1,1458228133.083
   4,  -1,   1,   1,   3,  -1,  -1,  -2,1458228133.104
  -5,   0,  -4,  -1,   5,  -6,  -1,   2,1458228133.104
   7,   3,   2,   2,   0,  10,  -1,   0,1458228133.105
  -8,  -1,   1,  -1,  20,  -1,   1,  -2,1458228133.105
   1,  -5,  -6, -10, -47,  -5,   3,  -2,1458228133.117
   0,  -2,   1,   1,  46,   8, -10,  -3,1458228133.117
  -1,   5,   5,   5, -28,  17,  11,   3,1458228133.126
  -2,  -1,  -1,  -2,  -8, -11,  -9,  -4,1458228133.126
   2,  -2,  -1,   1,  53,  14,  13,   2,1458228133.141
   1,   2,   1,  -1, -34, -13, -11,  -1,1458228133.150
  -4,  -1,  -1,  -3,  31, -17,  -7,  -5,1458228133.150
  -5,   0,   1,   0,  -2,   6,   3,   0,1458228133.150
  12,  -2,  -2,  -1,  -1,  12,   7,   0,1458228133.164
  -5,  -1,  -1,   2,  36,   8,  -2,   2,1458228133.164
  -2,   1,   0,   0,   6, -17,  -6,  -4,1458228133.165
  -4,  -4,  -2,  -5,  -8,   2,  -5,  -3,1458228133.165
   3,  -1,  -2,  -2,  -3,  -9,  -2,  -1,1458228133.176
  -1,   0,   1,  -1, -13,  23,   8,   2,1458228133.176
  -3,  -2,  -2,  -2, -16,  -9,  -3,  -2,1458228133.187
  -3,  -1,  -2,  -3,  -8, -10,   2,  -3,1458228133.187
  -1,   0,   2,   0,  10,  15,  -6,   0,1458228133.201
  -1,  -1,  -4,  -9, -31, -33,  -2,  -2,1458228133.201
   1,  -1,  -3,   2,   1,   7,   1,   0,1458228133.203
  -2,   0,   1,   1,  18,  17,  -6,   0,1458228133.203
  -3,  -2,   0,   6, -12, -19,  17,  -2,1458228133.223
  -1,  -4,  -3,  -2,  -4,  -5, -16,  -2,1458228133.223
   0,   0,   2,   1,   7,  14,  -3,   0,1458228133.230
  -1,  -2,  -4,  -2, -10, -10,  -1,  -2,1458228133.239
   0,   0,   2,   3,   4,  32,  -1,   2,1458228133.239
   1,  -1,  -1,  -6, -12, -21,   4,   0,1458228133.239
  -2,   0,  -2,  14,  -2,  -5,   1,   0,1458228133.246
  -2,  -1,  -1,  -8,  -4,   1,  -1,  -3,1458228133.246
  -1,   0,   1,  -3,   1,   1,  -4,   0,1458228133.260
   0,  -2,  -2,  17,   9,   6,   5,   1,1458228133.260
   0,  -1,  -1,  -2,  -5,  -1, -10,   0,1458228133.267
  -1,  -1,   0,   0,   0,  -1,   4,  -1,1458228133.267
  -3,  -2,  -2,  -6, -11, -27,  -7,  -3,1458228133.284
   1,  -1,   2,  -6,  22,  30,   1,   1,1458228133.284
   0,  -1,  -1,   5, -17, -37,  -4,  -2,1458228133.285
  -3,  -3,  -3,  -6, -12,   0,   0,  -1,1458228133.285
  -1,  -1,  -2,  -5,   6,   8,  -2,  -1,1458228133.297
   0,  -2,  -3,   3,  -3, -13,   0,  -1,1458228133.297
  -1,   0,   0,  -8, -11,   4,   0,  -2,1458228133.306
  -1,  -2,  -2,  -5,  -1, -12,  -6,  -2,1458228133.306
   0,  -1,  -2,   0,  10,  20,   5,   2,1458228133.320
  -2,  -1,   2,   0,   1,  12,   5,   1,1458228133.329
  -1,  -2,  -5,  -7,  -9,   3,  -2,  -3,1458228133.329
  -1,   1,  -1,   5,   1, -10,   4,   0,1458228133.329
  -1,  -2,  -4,  -2,  -4, -24,  -5,  -2,1458228133.343
  -2,  -1,  -2,  -9, -19,  -7,  -3,  -3,1458228133.343
  -2,  -3,  -2, -11,   9,  15,   2,   0,1458228133.344
   0,  -2,  -3,   9,  -7,   6,   2,   0,1458228133.344
  -1,   0,   1,  -3,  11, -11,  -5,  -4,1458228133.365
  -1,   0,   0,  -1,   8,  15,   2,   1,1458228133.365
   0,  -2,   1, -11,  -7, -10,  -3,   0,1458228133.374
   1,   2,   1,  -4,   3,  -6,  -1,   3,1458228133.374
  -1,  -4,  -1,  12,  -5,  -7,  -2,  -2,1458228133.380
   0,   0,   2,  -4,   7,   6,   0,   0,1458228133.380
  -1,   0,  -2,   1,   6,   0,   2,  -1,1458228133.388
  -1,  -3,  -2, -10, -38, -10,   0,  -1,1458228133.388
  -2,  -1,   0,  -2, -13,  -6,  -3,  -1,1458228133.403
  -1,  -1,  -1,  -3,   3,   6,   0,  -3,1458228133.403
  -1,  -2,   1,  10,  -8,  -8,  -3,  -1,1458228133.404
  -2,  -1,  -1,  -3,  15,   5,   2,  -1,1458228133.412
  -1,   0,  -3,  -9, -12,   3,  -3,  -1,1458228133.425
  -3,  -3,  -4,   3,  -6, -10,  -2,  -3,1458228133.425
   0,   0,   1,   4,  17,  12,   2,  -1,1458228133.426
  -1,  -2,   0,   3,   0, -12,   0,  -1,1458228133.426
  -1,   0,  -1,  -9,  -6,   1,  -1,  -2,1458228133.440
  -4,  -4,  -5,  20,  -8, -14,  -5,  -3,1458228133.440
   1,   2,   3,   3,  -1,  -3,   1,   0,1458228133.441
  -1,  -2,  -6, -20,   2,   0,  -3,  -2,1458228133.441
   0,  -1,   0,   2,  12,  18,   1,   0,1458228133.463
   1,   0,   0,  -7,  -9,  -2,   1,   1,1458228133.463
  -2,  -1,  -1,  -1,   4,   6,  -2,  -2,1458228133.464
  -2,   0,   2,   6,   4,  -3,  -2,  -1,1458228133.464
  -1,   0,  -1,   3,  -7, -13,   0,  -1,1458228133.486
  -3,  -2,  -3, -10,   8,   8,  -1,  -2,1458228133.486
  -1,  -1,  -2,  -7, -11,  -7,  -8,  -3,1458228133.486
   1,   0,   3,  13,  -7,  -5,   2,   1,1458228133.486
   0,  -1,  -2,  -8,   3,  -1,  -2,  -1,1458228133.501
   0,  -2,  -1,   0,  -4,   0,   1,   1,1458228133.509
  -2,  -2,  -5,  -4,  12,   3,   0,   0,1458228133.509
  -1,  -1,   0,  -6,   4,   4,  -3,  -1,1458228133.509
   0,  -3,   2,   4,  -8,  -3,   1,  -2,1458228133.523
  -1,  -3,  -3,   3,   8,  -3,  -1,  -4,1458228133.523
  -2,   0,  -1,   4,  20, -13,  -5,   0,1458228133.524
   1,  -1,  -4, -14, -38,  -6,  -8,   0,1458228133.524
  -1,   1,  -1, -10,   4,  11,   7,   0,1458228133.546
  -1,  -1,   0,  -3,   0,  -4,  -1,   0,1458228133.546
  -1,  -2,   0,   5,   2,   3,   1,   0,1458228133.555
  -2,  -1,   0,   7,  19,   1,  -3,  -3,1458228133.555
   0,   0,  -2,   2,  -3, -11,  -3,   0,1458228133.561
   0,   0,  -2,  -5, -14,   0,   0,   1,1458228133.561
  -2,   0,  -1,  -7,   0,   5,  -2,  -3,1458228133.561
  -2,  -1,   0,  27,  11,   2,  -1,   1,1458228133.561
  -1,  -3,  -4,  -8,  -5, -17,   8,   0,1458228133.583
   0,   0,   1,  -1, -13, -14, -13,  -2,1458228133.583
  -2,  -1,  -2,  -9,  -6,   3,   8,   3,1458228133.584
